"","tce_plnt_num","tce_time0bk","tce_ror","tce_dor","tce_incl","tce_impact","tce_duration","tce_ingress","tce_ldm_coeff1","tce_ldm_coeff4","tce_num_transits","tce_full_conv","tce_model_snr","tce_model_chisq","tce_model_dof","tce_dof2","tce_chisq1","tce_chisq2","tce_chisqgof","tce_prad","tce_eqt","tce_insol","tce_nkoi","tce_steff","tce_slogg","tce_sradius","tce_steff_prov","tce_slogg_prov","tce_sradius_prov","tcet_period","tcet_ingress","tcet_depth","tcet_model_chisq","tcet_model_dof","wst_depth","tce_mesmedian","tce_mesmad","tce_minmes","tce_maxmesd","tce_minmesd","tce_max_sngle_ev","tce_bin_oedp_stat","tce_rmesmad","tce_rsnrmes","tce_rminmes","tce_albedo","tce_ptemp","tce_albedo_stat","tce_ptemp_stat","boot_fap","boot_mesthresh","boot_mesmean","tce_cap_stat","tce_hap_stat","tce_rb_tpdur","tce_rb_tcount1","tce_rb_tcount2","tce_rb_tcount3","tce_rb_tcount4","tce_fwm_stat","tce_fwm_sra","tce_fwm_sdec","tce_fwm_srao","tce_fwm_sdeco","tce_fwm_prao","tce_fwm_pdeco","tce_dicco_mra","tce_dicco_mdec","tce_dicco_msky","tce_dikco_mra","tce_dikco_mdec","tce_dikco_msky","tce_time0_sn","tce_ror_sn","tce_dor_sn","tce_incl_sn","tce_impact_sn","tce_duration_sn","tce_ingress_sn","tce_depth_sn","tce_prad_sn","tce_sma_sn","tce_insol_sn","tce_steff_sn","tce_slogg_sn","tce_smet_sn","tce_sradius_sn","tce_albedo_sn","tce_ptemp_sn","tce_fwm_sdec_sn","tce_fwm_srao_sn","tce_fwm_sdeco_sn","tce_fwm_prao_sn","tce_fwm_pdeco_sn","tce_dicco_mra_sn","tce_dicco_msky_sn","tce_dikco_mra_sn","tce_dikco_mdec_sn","tce_dikco_msky_sn"
"tce_plnt_num",1,0.00434473145532104,-0.145521661859778,-0.00350776180305402,0.107966141868325,0.0757680704752616,-0.032168822605358,-0.0757281611946282,0.123675907390955,-0.0988232916835067,-0.127719784010112,0.0602207384322877,-0.0804831285606363,-0.042291946941417,-0.143571115248528,-0.0363122132500655,-0.0364640207711538,-0.039002933613954,-0.0383766051151099,-0.0991606805872588,-0.139349655957834,-0.0542589081343781,0.740125365337147,-0.111087589984538,0.0695720593579589,-0.0333023769705029,0.183871515114107,0.171183125667674,-0.0322482154963702,-0.000115412435500708,-0.0839149672981399,-0.103118205622427,-0.0256814307488906,-0.159747623365228,-0.0622125916987459,0.0190987402147354,-0.026218186072453,0.0451317334246989,0.00613772095682049,-0.012177876633931,-0.0781347637134392,-0.00546854474706677,-0.0684192373341698,0.104680406071444,0.0610963584270282,-0.010117745734097,0.0226757163980736,0.0305677819659376,-0.00814756965502523,0.0987700090691775,0.0796240432168844,0.0369930180623522,-0.0898641328577004,-0.118351140775506,-0.0304349230804738,-0.0534438850884104,-0.0265027761557726,-0.0173542735398824,-0.0176026568988552,-0.0418367570647202,0.0335620409051052,0.0503721365243565,0.00389067935077875,0.00349450560563031,0.00102941800499202,0.00404552468123913,0.0107671838951345,0.00511977046443693,-0.102118665319252,0.0135113537048009,-0.0028458103460129,-0.0932047268933608,-0.0880651809946275,-0.0499447869904643,-0.0668525925628241,-0.0440667766359222,-0.0547234022945157,-0.0139823120568212,-0.0605634772748869,0.0229116179130201,0.0114509737910953,-0.0126083566967345,-0.00475598489983112,0.206894419872835,0.169432449584734,0.0661374341294638,0.236276148205605,-0.0225552608622594,-0.0703300824379539,-0.0910895670048728,-0.00405781950315593,0.00711994132450593,-0.0080751547148534,-0.00449313995080349,0.0112033616396175,-0.101657285027045,0.0100814848334971,0.00288796743359315,-0.101870418581892
"tce_time0bk",0.00434473145532104,1,-0.0187803840122428,0.590363816254498,0.254777203953436,-0.0522369891308421,0.317002712426431,0.130298517369939,0.00650233175542803,-0.0166987957242428,-0.247386541822464,0.0306649879711226,-0.0521878925978083,-0.0538621274740074,-0.253986796027772,-0.0268809032534197,-0.028519381890021,-0.0335796641234073,-0.0332834374151794,-0.0174728185335255,-0.358160171200904,-0.0708901848310124,-0.0260309506908918,-0.00130071692738504,-0.0208016046528162,3.90840450306498e-06,0.00893802650667777,0.0173219470660052,-0.0328314017300904,0.817363474830813,0.199414515312295,-0.0423354940501735,-0.0162852314141404,-0.349199439564427,-0.00222348980718744,0.0233622201199565,-0.0285749421026271,0.0171609261386174,0.520937240952849,0.470650568966044,-0.0127183475314576,-0.00540806424374628,-0.0378261150432845,-0.0286781687532305,0.259215568291389,0.182913037700191,0.0641423294840879,0.0322796927887153,0.0821948340876696,0.052120089546388,0.14633729421432,-0.303454405431895,-0.0364453910300145,-0.0850278935278853,0.404138592605931,-0.100048280864975,-0.052591683058357,-0.0343636330834422,-0.0398771786488557,-0.0357394150845477,0.0434157252995272,0.0532316985320988,0.00443798832845518,0.00167070748720021,0.00202740494929021,-0.000197344733052361,0.00451046388971147,-6.36341851328908e-05,-0.0417116611324289,0.00490730837513923,0.00140333253309961,-0.0322183491684425,-0.0783278248603508,-0.0302804626913601,-0.0446877237026249,0.0550044055109108,-0.0435041628228972,-0.0115551388194334,-0.0386081298567842,0.0243778786403135,-0.0033249008093669,-0.0121127563315777,-0.00518093164108594,0.024759377399848,0.0029726698839453,0.0048780651892128,-0.00391449315132274,-0.0160122257772343,-0.0251670615241836,-0.0639828705738348,-0.00502023721031558,0.0057982794043427,-0.00809178402470797,-0.00275532848672721,0.00185635964424735,-0.0740515709073067,-0.0035658324133615,-0.00420635628276021,-0.0698287469561416
"tce_ror",-0.145521661859778,-0.0187803840122428,1,0.0540962922663698,0.192213536208692,-0.323421521282166,0.0416376577565268,0.254406386019612,-0.196945829175946,0.150551265313361,-0.105128924036537,-0.38610942324943,0.557665000933841,0.191548196688597,-0.0976222356099689,0.297485246701769,0.285918097302779,0.297175162544264,0.286562143220394,0.546418386591844,0.0269638556414526,0.00118234598358184,-0.176518757353162,0.100559161300805,0.00257945782239205,-0.0234979940726966,-0.132566653338574,-0.131106666619021,0.129603980801994,-0.0267694524432134,0.138210216860512,0.745561898607825,0.20138895780614,-0.0569677928007609,0.488215459165883,-0.108291190029908,0.167710884730953,-0.341249131739844,-0.00178391440736193,-0.00331245874616047,0.578350367817336,0.036344285280645,0.488857924913487,-0.500797715379231,-0.296047328263408,-0.0300722355898302,-0.207299709453157,-0.216950302166576,0.139606162291902,-0.566168976006931,-0.494010493197828,-0.174115625404547,0.609922193215937,0.646480049834878,0.0991340455820045,-0.0708457528704495,-0.0299228537971586,-0.0120958287517174,0.013137282826325,0.211266017878896,-0.0593582980226213,-0.0619629473850576,0.00879845462975884,0.00263362945915929,-0.0201249697340089,-0.00258890901716814,-0.00368102365259099,0.017521596263986,-0.112963728708152,0.00895615265224012,0.00543605302981269,-0.179015036561387,0.522716432052262,0.241459946864792,0.395538481481413,0.225153318226004,0.177979356405059,0.0687286742756406,0.432024842050651,-0.149883399065957,-0.0642629899369968,0.0712575925393874,-0.0144220481362869,-0.209895666339694,-0.107323139381523,-0.162715548846451,-0.134339569240278,0.166997344546471,0.309996961725474,0.621208872666568,0.011445035837412,-0.0364141383992806,-0.00807735210747504,-0.00420593549613542,-0.00407878329688933,-0.0181060331014221,0.00467636107603106,-0.00375737415999494,-0.0812109491660539
"tce_dor",-0.00350776180305402,0.590363816254498,0.0540962922663698,1,0.252369927821072,-0.123933116605607,0.0789404797452311,0.00383041215121497,0.025699781925237,-0.0366895660650842,-0.223593363137724,-0.0242076410828957,-0.0327541349234329,-0.0486903370938941,-0.241960375402045,-0.0102295005842277,-0.0154904362871417,-0.0208070792505558,-0.0210574081450278,0.01250514734855,-0.319404567975037,-0.0650474391016552,-0.0318247207298269,-0.0565665461453406,0.00529393467784226,0.000922295332279982,0.0307168725337453,0.0432402609345198,-0.0216116272818299,0.672621197248742,0.0370601528165403,0.0159059454314086,7.04146309393751e-05,-0.32584948294825,0.0353602578839801,0.0203930005839787,-0.0244845062745967,-0.00638464661126358,0.388440661329034,0.350165423754849,0.0349374643200603,-0.00514666546820707,-0.00513265132330752,-0.0976771703537396,0.18634129942702,0.26553057960712,0.0261176977904557,0.0286883368503396,0.0320104599014357,-0.00258164509602862,0.0739942421421196,-0.223953111848481,-0.000356309921645405,-0.0564570603288536,0.135658300081168,-0.0879908701799666,-0.0459329346328633,-0.0313517463295058,-0.0368184850920249,-0.0303597412062684,0.0388532309162854,0.0508670101649162,0.00690306081354583,0.000940711158033355,0.00360418520867381,0.00475553025350907,0.00448798819150854,-0.00832806939927094,-0.0617060853112184,0.00457523462247092,-0.00536411345530676,-0.0563959982760356,-0.0561500751167702,-0.0231357557759801,-0.0380170461929291,0.0814175176311149,-0.0416216108651496,-0.0101341897030848,-0.0270958274414458,0.0199021331336887,-0.01705726785684,-0.00578919944206018,-0.00503229653713145,0.0162653163481059,0.0317032930244979,-0.0112564645061866,0.0275363145432756,-0.0319654378742853,-0.0443861293520811,-0.0328754319334404,-0.00618316614547544,0.00540332468322302,-0.00752428580513119,-0.00179330003602162,0.00820152979774637,-0.0743143391679409,0.00422639230120466,-0.0059933968253525,-0.0727281544038949
"tce_incl",0.107966141868325,0.254777203953436,0.192213536208692,0.252369927821072,1,-0.313034144331732,-0.0297361834665807,-0.128810607793357,0.0970189836598441,-0.105565057967952,-0.576107096164823,-0.141374620675176,0.0677639018256708,-0.085639099013897,-0.734603431758641,0.0539546071994845,0.0502946602752622,0.0374476656328149,0.0461748624806534,0.0769982371564767,-0.519280906131914,-0.17762438835208,0.142740171683266,-0.102589078708054,0.0939753083215648,-0.0417642565401668,0.129031873597314,0.125528157595505,-0.0077012593502189,0.290861507469926,-0.143784097431886,0.157701099793077,0.0410841834553699,-0.701712688267862,0.11862218259375,0.00549283597637491,0.00497189931604208,-0.0806026083151736,0.186152921618153,0.176143559874278,0.12357635661955,-0.0076593719995487,0.0772366218457928,-0.07547359045965,-0.106641945940333,0.0237738489036455,-0.0671327038719641,0.0355923893809294,0.182965478293585,0.00337591599967823,0.0352050829643309,0.0272530409436559,0.136512306004892,0.0420588103785255,0.0611719900459867,-0.210934628003725,-0.10398730654497,-0.063526059546511,-0.0752646536755631,-0.0127543831848939,0.108836477155905,0.134023542612598,0.022949515728308,0.0112191983413333,-0.00202916278589389,-0.000124168318299737,0.0456258238549691,0.0198158360525221,-0.288584949503654,0.0487077534552351,0.0182967838093318,-0.313722723767187,0.0302104329080642,0.0713994936610079,0.0397687724298233,0.0860517286423057,-0.0376717103967803,-0.0197186311301544,-0.00540630301968808,-0.0518159283693564,-0.0126007349960432,0.0124103799320202,-0.0478075210976529,0.113110703315571,0.107962145820932,0.0587476587814325,0.139310664032481,0.0916501123728255,0.103664445645225,0.108131729125586,0.00993004817575868,-0.0102164074528012,-0.0219349773722338,-0.0220293300400503,0.0139929380790468,-0.191168590408114,0.0195088137411166,0.00719366372697811,-0.218173726045103
"tce_impact",0.0757680704752616,-0.0522369891308421,-0.323421521282166,-0.123933116605607,-0.313034144331732,1,-0.0575339049010323,0.103215704940722,0.0412135967440949,-0.0355050314434085,-0.0326774212447443,0.586811301327893,-0.116782789889956,-0.0375405246218886,-0.0195320011984281,-0.206113968988319,-0.214250985067171,-0.191833066375439,-0.207947897173344,-0.16319876813715,-0.0608945573952559,-0.0681763793995319,0.0846390238626541,-0.0344416677540917,0.00120750687486688,0.00667360007324946,0.0246372126391368,0.0218067019385637,-0.0423771847558577,-0.0640275581334176,-0.110717638841648,-0.516638312297875,-0.143325809627474,-0.0443476446672973,-0.34347944897735,0.0669371209925782,-0.0993373163785858,0.239678761429509,-0.0442228159952077,-0.0390886368480199,-0.35510154236123,0.00930811222730915,-0.250226193429546,0.444204565094589,0.0400139408205084,-0.0451436815540669,0.104638311669774,0.0133376588225021,-0.00163836861819704,0.394543239695234,0.326728772721763,0.201211871669646,-0.265390697777896,-0.284132009389193,-0.157655434688956,0.0258760663679476,-0.00973180520039865,-0.0348568323750723,-0.0366794464196974,-0.0413291248658996,0.0689755637310428,0.0505726346330494,0.00873359671753281,-0.011828075999826,-0.00459664712168241,0.00765489427216636,0.0152586928487584,0.00714175086277607,0.0938391210115296,0.00769417620840635,0.0137768725660349,0.124947979935241,-0.100131346369074,-0.231877594426037,-0.125720595279807,-0.108179044406714,-0.00133612666447132,-0.0440494871148075,-0.0214776445655902,0.234946579447923,0.116697884723377,-0.0271484495464409,0.0616997980981644,0.0648762454247242,0.0206764876781833,0.0387944308218832,0.0299239296134921,0.0156927334294975,-0.0282085776020652,-0.391262745070718,-0.0278185037303059,0.0399104690999164,-0.00423939408738825,0.0179624529955735,0.0172962597814574,0.0788121224781925,0.00704669374330722,0.00377012448217587,0.111234433335569
"tce_duration",-0.032168822605358,0.317002712426431,0.0416376577565268,0.0789404797452311,-0.0297361834665807,-0.0575339049010323,1,0.760579235549415,-0.0711349597306829,0.064787006733985,-0.276814698534331,0.0245327088803438,0.0200050302617078,-0.0113254406721221,-0.0529734257640921,0.00282916926123888,0.0120224809649824,-0.000994764932297412,0.00198574567490452,0.0959832575390886,-0.244093348182693,-0.0654337396345134,-0.040452772654754,0.0957189019739965,-0.135320980141467,0.0143667142366131,-0.0186995204623654,-0.00840012418762731,-0.0182533124688778,0.397948348194642,0.732018858735632,0.0112033487470432,0.0204103378870323,-0.157716557551773,0.0381496827754025,0.0146698657272407,-0.0197481214544225,-0.0357434627684619,0.230544339341525,0.197765801255276,0.0435761312370681,-0.000912280862333134,-0.003979382000949,0.112947710755982,0.213388184983428,0.0662354868771998,0.0625065549021009,0.0156867490244717,0.159705280536376,0.00428399957836692,0.0619213743330529,-0.167096942843691,0.0259602983881723,-0.00210410778790802,0.808092055089947,-0.152672796059797,-0.0749836103047119,-0.0381981362842647,-0.0100807644102471,-0.00184117405281115,0.0368667047059579,0.0108706861994405,0.00195123730363984,0.00916805746532733,0.00299783386405546,-0.00123401701926811,-0.0293375225330261,-0.00516246756439869,-0.041783621706993,-0.0270766987397132,-0.00110446831428663,-0.0285127504544705,-0.0492856674397356,0.0489269144096606,0.0360736061236614,0.0608966946250054,0.0268502371543183,0.0270041316587062,0.0340838853147131,0.0167055536798965,0.000360650270636683,-0.0127291165023151,-0.00631834102018146,0.00909604368766663,-0.0720843103054721,-0.00687747607300439,-0.0990077167396164,0.0273912261906144,0.0761983268936694,0.011747465576127,-0.0056961386636566,0.00633250695856635,-0.00442971944851133,-0.00919781136710219,-0.00689124677717449,-0.0781802446483306,-0.00798889521327918,0.0136893847925902,-0.0738952706898555
"tce_ingress",-0.0757281611946282,0.130298517369939,0.254406386019612,0.00383041215121497,-0.128810607793357,0.103215704940722,0.760579235549415,1,-0.0839945306566542,0.0689600423726753,-0.167217588324135,-0.00743929149908729,0.136875076317096,0.0316129540857219,-0.0489073624231351,0.0452472316065135,0.0504166146417088,0.0454897771010198,0.0432732755772643,0.229630277404944,-0.118335416482449,-0.0416424006250394,-0.0954225162080484,0.0584709425756988,-0.0941762244911154,0.017042669162548,-0.05754268298962,-0.0513947640263367,0.0102287106639518,0.154535160562559,0.567560408017211,0.117500671235298,0.0486307946179379,-0.089378331494221,0.102074773846223,-0.00702111870086735,0.0111154416350981,-0.0792202042168448,0.0885598353124088,0.0630018815311652,0.13051172875561,0.00942854606670389,0.0842643263141563,0.0712024690252905,0.0171921703351969,-0.000274877180091711,-0.0551595216868922,-0.0376113156599203,0.102919173492818,-0.0900744956785658,-0.0522414088730087,-0.100017797403491,0.135772824431917,0.14354050241878,0.461155874248171,-0.0887966613274947,-0.0447123963584717,-0.0256775379301602,0.0055252384134231,0.0591470563726728,0.0132937387634686,-0.0170048616041276,0.00407924594975624,0.00579198884378804,-0.00312687372249014,-0.0033978568375831,-0.0223175198045926,0.0117161141510542,-0.00756174000742897,-0.0178993432483793,0.0123429143664607,-0.00672242883875703,0.0774970518244421,0.0633823218679586,0.121493533790796,0.0966771824502386,0.104285914317083,0.0400779579685959,0.146126357645746,0.00341049641577245,-0.00393243405269512,0.00323802884139188,-0.00353774650880068,-0.076921172120807,-0.0796860844056017,-0.068309011650269,-0.102590780012705,0.0416037391691927,0.113466438659609,0.107511298956932,-0.00320033445394394,0.00169971389404024,-0.000557533182338036,-0.00248572061051249,-0.00861447491428894,0.00665907527076564,-0.00801698146178926,0.0128387759027107,0.00636275797564429
"tce_ldm_coeff1",0.123675907390955,0.00650233175542803,-0.196945829175946,0.025699781925237,0.0970189836598441,0.0412135967440949,-0.0711349597306829,-0.0839945306566542,1,-0.850339385075866,-0.0606580456005982,0.115891339151588,-0.155259688579122,-0.0578074432831415,-0.109088626350805,-0.081272591965391,-0.0777393495092267,-0.0806294038681444,-0.0697272051481556,-0.0176593166996511,-0.234182312900131,-0.0413237246426789,0.16701348883992,-0.505795330632229,-0.0162592562427718,0.149206858671535,0.36185331636873,0.336328588547407,0.0031788706504187,-0.00596777897392254,-0.138964822477111,-0.159057325290567,-0.0506604189226995,-0.130561458073006,-0.0882122107385544,0.0148545722256842,-0.0590510742859491,0.0805215067474696,-0.000122618451683426,-0.0153963976707074,-0.138249266293562,-0.00318670995766445,-0.13525098468336,0.169507454980026,-0.0149384636396244,-0.0105076309675676,-0.0812573572487775,0.0562498621195063,-0.00805517234346141,0.171730553255288,0.149548592819566,0.0379033777068345,-0.186252133136231,-0.202041031406229,-0.11124025005615,-0.0131227065720011,-0.00900902512755313,-0.00939885909150276,-0.0248506542346989,-0.0655154304577753,0.0372938215878969,0.0596959665476666,0.00597183828910737,0.00875084564587644,0.0059393451647835,0.0151741771983371,0.00928798673554142,0.0214483908768928,-0.0706426648771659,-0.000231807622015224,0.024737494058139,-0.0612497187526135,-0.159090125365404,-0.0875409286858078,-0.132858755928451,-0.0533538858197081,-0.0811751024786437,-0.0219012587622079,-0.131299977857508,0.0307924410129528,0.0428380837662203,0.00241726598816803,0.0101047239098761,0.282860882886148,0.319393911417997,0.604300883529402,0.400663007665939,0.0108673619613408,-0.0891512905497371,-0.16990535102236,-0.0169794685722356,0.0203209604838571,-0.00191592198818292,-0.000786776630410609,0.0150855455472581,-0.0543263550487491,0.0111517882548804,0.0106688587138854,-0.0376687661807249
"tce_ldm_coeff4",-0.0988232916835067,-0.0166987957242428,0.150551265313361,-0.0366895660650842,-0.105565057967952,-0.0355050314434085,0.064787006733985,0.0689600423726753,-0.850339385075866,1,0.0511162379254612,-0.0863720652738501,0.152708371719271,0.0603914634511001,0.11912705220186,0.0857570843711272,0.088221854768765,0.0896456954228995,0.0729659107346015,0.0753306817600872,0.271542032850209,0.117978560077107,-0.133466642723643,0.51452191638771,-0.066841019741582,-0.0264286587198024,-0.181775650548363,-0.180716615634601,-0.0152097793822628,-0.00261732141313938,0.123359144789719,0.123909741001655,0.0563818908655714,0.125043691292381,0.0582753326092485,-0.0212007827568764,0.0480087628029494,-0.0678469768110217,-0.012150918669834,0.00841114435067537,0.129143281644202,0.0173528999529851,0.124304773764568,-0.130529678987632,0.0328989707697358,0.025152494151732,0.0888812151313272,-0.0574291207208837,-0.00834416094188095,-0.166631739721335,-0.135414897513357,-0.0436549340960309,0.183347900233287,0.181255076489195,0.103097322741253,0.0167047877593231,0.0126836583890956,0.0110273392393226,0.0316984544583198,0.0569042435494166,-0.0435714302308464,-0.0639341467645377,-0.0127827818998496,-0.00302864633156518,-0.00432537694457003,-0.0055045559940345,-0.0188462149548166,-0.0185179942787695,0.0544903354098311,-0.00959066623268637,-0.0161352851657432,0.0540592155914314,0.152464353653001,0.0969724630369111,0.131318506776743,0.0594407824588856,0.0937381126369614,0.028512618627409,0.127707375895708,-0.0272848079960298,-0.03587560576164,-0.000494248577825754,-0.0231179121193669,-0.23925752913123,-0.255292576506291,-0.444331416251876,-0.378224861808169,-0.0229596087957822,0.0785181058871929,0.166104205324564,0.0198156728739463,-0.0125340393690544,0.00776625796348704,0.00461933152016001,-0.0258104654006434,0.0420732921194349,-0.0231469139088088,-0.013225355631982,0.0393497797734411
"tce_num_transits",-0.127719784010112,-0.247386541822464,-0.105128924036537,-0.223593363137724,-0.576107096164823,-0.0326774212447443,-0.276814698534331,-0.167217588324135,-0.0606580456005982,0.0511162379254612,1,0.045295917695716,0.00223920243892937,0.136267109990162,0.812281457987621,-0.0173358880810121,-0.0119400623162994,0.0184738960786801,-0.000499438503167334,-0.060762548843742,0.645016157780445,0.25246336105745,-0.172967293684933,0.0252088422910587,-0.0123300417880187,0.0194695855451654,-0.127621201046967,-0.116964925124554,0.0127795829240563,-0.280903838645026,-0.144522585148638,-0.0664528397004129,-0.0252977207063205,0.801260850178501,-0.0878080882270134,-0.0456704164480204,0.0571684944740005,0.0552443994824196,-0.18213335151912,-0.171785803157396,-0.0732634019544501,0.00691479288477246,-0.0167101168980717,0.0124669021298967,0.082035768931946,0.00551456682206427,0.0536698729914087,-0.0853286954019678,-0.225435613875975,-0.0806010156980415,-0.0951618081982314,-0.108821046390156,-0.0541615672448753,0.0276942262067454,-0.348187314278963,0.412752445101757,0.209645379150176,0.135196392792589,0.113365203334512,0.0294901632255779,-0.149180664365514,-0.148062317768665,-0.00866844663933082,-0.0252717675554652,0.0130796604327636,0.00213962929827215,-0.0165429108357679,-0.0339916797957544,0.246760369414358,-0.0152258426545081,-0.0312798363773371,0.256264763820924,0.101540717008258,-0.0236563787630341,0.0121431803649588,-0.0649595998613608,0.013998058271177,0.0312428590517945,0.0157034862113366,-0.0316479736386638,0.00612084414144748,-0.00357236931802486,0.0386381879652543,-0.121217450343712,-0.0639807328438681,-0.0844706314927062,-0.0816052325756247,-0.0891773704406469,-0.102455357725594,-0.00254749748479719,0.00339064573459094,-0.00434058317127254,0.0154517653504195,0.0166362955923922,-0.00987403530008417,0.19829022711749,-0.00638798580099549,-0.0216672407715668,0.207845276481914
"tce_full_conv",0.0602207384322877,0.0306649879711226,-0.38610942324943,-0.0242076410828957,-0.141374620675176,0.586811301327893,0.0245327088803438,-0.00743929149908729,0.115891339151588,-0.0863720652738501,0.045295917695716,1,0.0263130377072303,-0.00380241302908076,0.148561983381531,-0.281091255583924,-0.298432875961214,-0.243111184258507,-0.280398380752144,-0.195815368251987,-0.105820122411724,-0.0726378530751555,0.0873252835750639,-0.0855578330831255,0.00997345797030397,0.0107934944099846,0.0750263916220002,0.0725852190423496,-0.0313747137696874,0.0373414695034372,-0.133316665476103,-0.713287052256202,-0.185116278423745,-0.0438250941768016,-0.487300399082642,0.0676472651205289,-0.134037699713463,0.337134377346336,0.00239394091297144,0.00465963733373226,-0.465656930950869,0.00308144070634616,-0.320008277979949,0.608576676476221,0.0751872859751795,0.0163991387140494,0.223891393559326,-0.00999014182845837,0.129677192528263,0.495462170226886,0.454380580394934,0.145944240018306,-0.229965510323943,-0.342109807221911,-0.0792268466903519,0.0160713957924214,0.009623817054948,0.000795560787916278,-0.0167537744440981,-0.0531351040500768,0.0883115966450985,0.0750419800182334,-0.00367108743000429,-0.000673833918343297,-0.00189132248401256,0.0110762225074281,0.011628866964218,-0.0142467151597726,0.0477074272595231,0.00216805137717625,-0.00433393360832096,0.0787935470524944,0.0356394978077228,0.0282751660245629,0.0317353994946624,0.0267365540718366,0.0364481643476748,0.00721314834869535,0.0242278355183981,0.414991062057004,0.276189333875471,0.00713449794754725,0.100632603202956,0.0973349998001819,0.05365847512344,0.0726638930374814,0.0659107202337944,0.132215645665819,0.142570062707651,-0.492770882956411,-0.0686282393226519,0.0781192228900461,0.00189542812930754,-0.00687577076263055,0.0159449059799855,0.0147234753337655,0.00169780373591177,-0.00448115287375033,0.0446833590647509
"tce_model_snr",-0.0804831285606363,-0.0521878925978083,0.557665000933841,-0.0327541349234329,0.0677639018256708,-0.116782789889956,0.0200050302617078,0.136875076317096,-0.155259688579122,0.152708371719271,0.00223920243892937,0.0263130377072303,1,0.454916810504571,0.0563484122027086,0.483422004318762,0.443035803003541,0.45449804457403,0.390377949495195,0.347075756648826,0.0889379319374945,0.00735038839769124,-0.102108390666285,0.130148562166735,-0.0408469792258432,-0.00722713447314947,-0.0733335410678185,-0.0731743587145877,-0.00740270273773029,-0.0604977571018709,0.0423438259595544,0.311382121990155,0.259142776014754,0.0607761484232802,0.135895689300619,-0.064310847093731,0.0873782938459035,-0.245745224260663,-0.0339436480725298,-0.0316889794698557,0.548219203518326,0.105044800196121,0.547931798502256,-0.176709826691702,-0.177900529031364,-0.0186715548060777,-0.0686687916178125,-0.401666961646808,0.0823552004087613,-0.321391729055952,-0.265455612279622,-0.117394793614665,0.701317793341879,0.582174952851538,0.0339250273191547,-0.0223681657013195,-0.00843383500498608,-0.00363356348134406,0.0195153959661583,0.234541172448802,-0.0242937814478124,-0.0283531644946119,0.00419264359780456,0.00259955912126625,-0.0189649967194868,-0.0200648496406097,0.00486333618787364,0.00420971195182057,-0.0941075005265473,0.0162664606698668,0.00296346168165501,-0.0912418866504388,0.746070892097098,0.491043721621385,0.646292442740813,0.319201916459476,0.311663268357585,0.0722631171051367,0.64962295254372,0.0743802318962729,0.0479705946656933,0.0331671253102793,-0.00216955625765216,-0.0753437473285732,-0.0714845319706744,-0.104852962718879,-0.0817309575170966,0.112812183264856,0.273399620953017,0.540431827310438,0.0241047734989483,-0.0321019698074442,-0.0117614965981746,-0.00531909179129217,0.00173808619870764,-0.0553338217617145,0.00587683606225251,-0.000703220444123438,-0.0599030547049382
"tce_model_chisq",-0.042291946941417,-0.0538621274740074,0.191548196688597,-0.0486903370938941,-0.085639099013897,-0.0375405246218886,-0.0113254406721221,0.0316129540857219,-0.0578074432831415,0.0603914634511001,0.136267109990162,-0.00380241302908076,0.454916810504571,1,0.172534449057539,0.192673011392583,0.168905207734893,0.389893172390606,0.239832148905635,0.121681358034196,0.132176705953447,0.0381670747555685,-0.0551865470875767,0.0604071281188506,-0.0208570692061408,0.00253723733796814,-0.040796068171669,-0.0400343959997237,-0.00248203568338389,-0.0613345382726274,0.0221467543879524,0.121371937666059,0.172127984183298,0.156872425007943,0.00956291481409591,-0.0927293739343472,0.106069165821237,-0.0328506550494746,-0.0386385526133121,-0.0363849348741878,0.192448561019851,0.120655452622809,0.233695386055356,-0.0843391597355242,-0.0485086304626313,-0.00547815575813545,-0.0297380478256747,-0.343378028479678,-0.0662997261819229,-0.172681168104737,-0.15389164832295,-0.0546385139512602,0.221325687803367,0.199439840320374,-0.0136889235129527,0.0309660151362403,0.0172327074582329,0.0121810231517465,0.016444848721068,0.0631541786545999,-0.0425442937870585,-0.0443479324359984,-0.00142862638991191,0.000129139468648617,-0.00201067090122186,-0.00719324068153142,-0.00327028932476564,-0.00798737499431229,0.00026419164626184,-0.00312856070974755,-0.00117513738367119,-0.000568085317665861,0.182281195816676,0.0650074803747499,0.11777535407209,0.00708657478927586,0.0516750893602169,0.0273019838291472,0.114871734221037,0.021466130726234,0.0107147794430736,3.97738362519617e-05,0.00436866766751482,-0.04122297541443,-0.0361218463798291,-0.0414585078535953,-0.0428455272163509,0.0104591949175503,0.025089959239844,0.228236344563588,-0.00248994556036571,0.00602225834421649,0.00423525405357503,-0.000812023635731277,-0.00244544085907188,0.00537840902068212,-0.000911346047595577,0.00058268792623595,0.00411560728561969
"tce_model_dof",-0.143571115248528,-0.253986796027772,-0.0976222356099689,-0.241960375402045,-0.734603431758641,-0.0195320011984281,-0.0529734257640921,-0.0489073624231351,-0.109088626350805,0.11912705220186,0.812281457987621,0.148561983381531,0.0563484122027086,0.172534449057539,1,-0.0153463473501389,-0.0105047515945356,0.0132221410608182,-0.00288866761210601,-0.0363780247599699,0.613662011402235,0.234687348705902,-0.181225075595141,0.109139128342716,-0.0704374719167187,0.0241128211521978,-0.144189997407154,-0.134366910409223,0.0129672036032569,-0.288933612751828,0.105012549330704,-0.0937737290934102,-0.019723173548013,0.827370742858665,-0.0937725236417256,-0.0400239124675152,0.0366913041661776,0.055878796763295,-0.184759468908599,-0.175001587929781,-0.070853908884334,0.00989588821205974,-0.00725157376673612,-0.0131803867365324,0.130229403732828,0.00868035602675879,0.100037518957122,-0.101373436328037,-0.191894331491423,-0.0999975243462616,-0.0987341297811833,-0.106199460663569,-0.0363332301511535,0.046149221689611,-0.10476902433761,0.264062346855471,0.151777608915479,0.117725438941082,0.119127035136908,0.0410848702015353,-0.154291489549579,-0.162138404108893,-0.0183470923319806,-0.00733461528525191,0.00649096519087892,-0.00338319529042267,-0.0357569601635804,-0.0378801635893201,0.22970149532908,-0.0361921236648557,-0.0329396649858702,0.245474118486972,0.123874303022221,0.0202882371752437,0.0726380252015857,-0.0519348978472789,0.0626764636874852,0.0588264888058775,0.0888519278383326,0.066407671509006,0.0266305613912467,-0.00360844238076387,0.0458060087250845,-0.119299461649632,-0.104608428563072,-0.0766609033336378,-0.134248259940566,-0.0768821695670895,-0.0646837372607534,-0.00484076955455971,-0.00965604747853709,0.007440130764778,0.0198992116752577,0.00124634277940368,-0.0144306828815886,0.136853456343971,-0.0122691393974498,-0.01281822089398,0.150951923080106
"tce_dof2",-0.0363122132500655,-0.0268809032534197,0.297485246701769,-0.0102295005842277,0.0539546071994845,-0.206113968988319,0.00282916926123888,0.0452472316065135,-0.081272591965391,0.0857570843711272,-0.0173358880810121,-0.281091255583924,0.483422004318762,0.192673011392583,-0.0153463473501389,1,0.911765202055888,0.651516746645833,0.655704851113616,0.175936312860938,0.049011816043288,0.0101887502034779,-0.048974797290901,0.0743182273281193,-0.0170300986672523,-0.00454486203993303,-0.0422457453045986,-0.0417178553245703,-0.00921975526445832,-0.0304447040633115,0.0557674188588234,0.340776486675055,0.443980046022478,0.0471046125565256,0.196542910004777,-0.0246539152639432,0.0313703469403728,-0.370309620334434,-0.0185288522968632,-0.0171521193932568,0.70780806807035,0.0631543235996706,0.647711659584331,-0.231373505589814,-0.0694810063040814,-0.00846157867251831,-0.0862350532145399,-0.227984451008345,-0.0519037068551188,-0.25994924509045,-0.230404973206907,-0.0874201785463219,0.382046600881404,0.422774266589316,0.0455791820757481,-0.0119353558784482,0.00195871947800822,0.00215254524620833,0.0092493450592179,0.0882373899569884,-0.0264004267464745,-0.029615913261762,0.00161151152618634,0.00126327206703543,0.00171810446285732,-0.0281272870838693,0.0015361312358577,0.000782129386673867,-0.0512987102120189,0.00177225630851423,0.00186146357808553,-0.0467643105521146,0.259298618077716,0.114878091259517,0.210715975369584,0.0758227025098241,0.0670409155724767,0.0339227438232817,0.326279460736928,-0.119739668931295,-0.0963549262577986,-0.000909467451892005,-0.0172837754826347,-0.032088815967682,-0.0384888829944158,-0.0474810350481417,-0.0445187892506609,-0.0277949920802752,-0.00827425040612647,0.504786426535842,0.00845464713770385,0.0110330213597263,-0.00353274313531767,-0.00129024582331312,0.0015638659448635,-0.0330650532596518,0.00150012028378128,-0.000396111099988253,-0.0319103664435564
"tce_chisq1",-0.0364640207711538,-0.028519381890021,0.285918097302779,-0.0154904362871417,0.0502946602752622,-0.214250985067171,0.0120224809649824,0.0504166146417088,-0.0777393495092267,0.088221854768765,-0.0119400623162994,-0.298432875961214,0.443035803003541,0.168905207734893,-0.0105047515945356,0.911765202055888,1,0.674155545883063,0.72864477425899,0.187644158588272,0.0711721957229256,0.0238799416513984,-0.0495294566122913,0.0887757407323249,-0.0295874397453895,-0.0020015010118985,-0.0399644310829488,-0.0399893103535504,-0.00940699047798557,-0.0304464956495354,0.0706911911375648,0.368094282538167,0.427185609084132,0.0725638054032584,0.177506443193094,-0.0546779188825603,0.060838976436001,-0.378572240522844,-0.0193410737023091,-0.0180083343920213,0.671147952682499,0.0499881560547109,0.634913350907078,-0.240685069417126,-0.0666108592373246,-0.00841887492151592,-0.0890516758648176,-0.227680109706691,-0.0579991709007176,-0.266068827938734,-0.231777844171547,-0.103079646015921,0.3239326336415,0.429105130106732,0.0602721799998439,-0.0110218782040918,0.00317755228361697,0.00463910933867901,0.00843263236224161,0.0853848350380065,-0.0408357519002064,-0.046033575368355,0.00152327040309508,0.00120567202892744,0.0150408681667844,-0.0262704046130123,-3.67162691291127e-05,0.00136988822530198,-0.0500744160215288,-0.00116679220025287,0.00362758480571104,-0.0446431158635843,0.237966023353479,0.0789410797465492,0.184255988464072,0.0874516392432067,0.056834933914145,0.0408234807779963,0.334209953741423,-0.141111086043999,-0.104232566961374,-0.00355329964527267,-0.0284399894485724,-0.0352907362055834,-0.0432475636210413,-0.0410416492726018,-0.0497210751073442,-0.0358904386394893,-0.0215880406976879,0.512795414973619,0.00771836094876043,-0.00438047573002262,-0.00236975246025029,-0.000927075629616513,0.00029314426171092,-0.0328879207457937,0.00149902493080908,-0.000756767395060914,-0.0319346556963613
"tce_chisq2",-0.039002933613954,-0.0335796641234073,0.297175162544264,-0.0208070792505558,0.0374476656328149,-0.191833066375439,-0.000994764932297412,0.0454897771010198,-0.0806294038681444,0.0896456954228995,0.0184738960786801,-0.243111184258507,0.45449804457403,0.389893172390606,0.0132221410608182,0.651516746645833,0.674155545883063,1,0.657659312821188,0.189536306360811,0.0847739115979749,0.0227341592204224,-0.0522982266004684,0.0826757498721876,-0.028586945243878,0.000207890701649731,-0.0432235408099862,-0.0420470900272025,-0.00356025230698139,-0.0356480221001955,0.0455578954523823,0.311021868844596,0.516772410558243,0.0931233069620441,0.122636284785919,-0.0449587114432498,0.0456105560459793,-0.27412982961948,-0.0231683479886898,-0.0214666381101043,0.580936982391174,0.317068378574016,0.62294784465458,-0.232552619981788,-0.0874980669016787,-0.00903700360975124,-0.0911850746014874,-0.333956446001523,-0.0648940340944605,-0.274920266416998,-0.239680159945483,-0.104502998762599,0.303611312008085,0.396358081327668,0.034126959708814,-0.0091871298421528,-0.0020582551760296,3.10231814807268e-05,0.00609296401363967,0.0830819986633043,-0.0527045785408179,-0.0514487840170889,0.00136558768391731,0.00149049681597186,0.0129635367216645,-0.0190797397824072,0.00114616008148995,0.00185425804711532,-0.0492559940443252,-0.00382910731124032,0.00603055403070922,-0.0423777286756731,0.204290338039787,0.0981049879213389,0.161132660881454,0.0890030688535985,0.0569711298027039,0.0382390233714437,0.208157172134343,-0.166474125187532,-0.0849709537658815,-0.00124202569185494,-0.0224035363066441,-0.0444941986467056,-0.0445474979148481,-0.0483245858096372,-0.0525785664857446,-0.0290913027054884,-0.0111231851329486,0.463878616377121,-0.0121495967153605,-0.0132570163988709,-0.00165751118731571,-0.000958403552649321,0.000555659204153888,-0.0303033492925448,0.00191772264399856,0.000472880965463006,-0.0267565366940261
"tce_chisqgof",-0.0383766051151099,-0.0332834374151794,0.286562143220394,-0.0210574081450278,0.0461748624806534,-0.207947897173344,0.00198574567490452,0.0432732755772643,-0.0697272051481556,0.0729659107346015,-0.000499438503167334,-0.280398380752144,0.390377949495195,0.239832148905635,-0.00288866761210601,0.655704851113616,0.72864477425899,0.657659312821188,1,0.17023296530105,0.0696930216183305,0.0142205693272191,-0.0514890329460063,0.0652236788250933,-0.0184093850553133,-0.00323479711424464,-0.0439479012652573,-0.0418931977374304,-0.00849418057167213,-0.0357472080655884,0.0517944355852785,0.342752859778358,0.65562765797882,0.0989751933315546,0.132303310093077,-0.086056590919224,0.102252840938226,-0.290940930941136,-0.0227567083559944,-0.0214190925984745,0.543038369492491,0.109592867838051,0.56617204791875,-0.234549484167378,-0.0764699035179248,-0.00890165956706317,-0.0923043926930412,-0.201548358756371,-0.0608167576745878,-0.27467761590359,-0.240546575552095,-0.100522949803889,0.304308650877163,0.406988576359919,0.0333380709552182,-0.0114565534170303,-0.00291914204894057,-0.000171929714722945,0.00315463565602845,0.0777288439272052,-0.0357653049416644,-0.0396142191547713,0.00147849627621564,0.00119068360988283,0.00900718129424597,-0.0107766774286381,0.00051914347643574,0.00149193050145415,-0.0525590860597286,-0.00151356865915647,0.00456330575581842,-0.0470903755480257,0.20448072056761,0.0745572475672684,0.154055344637385,0.0765838553569196,0.0476919466714424,0.0380913472753275,0.22169588498016,-0.119402853310197,-0.0855214658349247,-0.00308455186507789,-0.0187612811803547,-0.0314063253506566,-0.0381170699340765,-0.0432266269042777,-0.0431115821198058,-0.0325310755620354,-0.016526437178401,0.481722239532883,-0.00226477898989563,-0.034961769196318,-0.00199804075518466,-0.000918348175600813,7.3286115859004e-05,-0.0329386799873865,0.00200943649913719,-0.00101582248309612,-0.0313684601578686
"tce_prad",-0.0991606805872588,-0.0174728185335255,0.546418386591844,0.01250514734855,0.0769982371564767,-0.16319876813715,0.0959832575390886,0.229630277404944,-0.0176593166996511,0.0753306817600872,-0.060762548843742,-0.195815368251987,0.347075756648826,0.121681358034196,-0.0363780247599699,0.175936312860938,0.187644158588272,0.189536306360811,0.17023296530105,1,0.0363770854955073,0.0424634144983402,-0.122259650458448,0.0352281226274117,-0.460193349603294,0.520960142100536,0.010213059322788,-0.0229451650760796,0.0415890257107172,-0.0124475268380391,0.146996412370461,0.412731606999758,0.139173417499675,-0.0192140896881656,0.244745594713869,-0.0781002937640367,0.106085012407233,-0.202981447401233,0.00638175384696891,-0.0106631499766258,0.346575940550857,0.0269085300424737,0.272707507435042,-0.259616030709149,-0.145201230896326,-0.0233001443490715,-0.151938529292547,-0.132339826249658,0.0168004288790426,-0.333394502381662,-0.259612372837471,-0.166147782488667,0.356615647628617,0.374097793032605,0.0942785772777532,-0.0345184240589312,-0.0140856517021941,-0.00882465545735005,0.00637517336924598,0.139436671278881,-0.0538074302781027,-0.0642947487535566,-0.00379172882376355,0.00982724674031931,-0.0137421981143694,0.00380961875877109,-0.0181039360963728,0.00205042296926268,-0.0245652677833495,-0.0116105900547715,0.00057805371519644,-0.0588735298535882,0.307611893500266,0.170348964807169,0.275625792538319,0.144750370843824,0.169898924093732,0.0534661881774248,0.28791834998428,-0.0878403293779095,-0.0641326300699156,0.0216218890238621,-0.0308369140314484,-0.0995417364476701,-0.133061392449298,-0.0768616563056847,-0.158061425050215,0.0237012936640223,0.147412619908321,0.384707937928405,0.0226951093746077,-0.00705291063837715,0.00993148559101354,0.0202646346207479,-0.0242530119232744,0.0246941711224389,-0.0245711005766648,-0.00948923934021571,0.00861606213197732
