kepid,tce_plnt_num,kepoi_name,koi_disposition,CANDIDATE,CONFIRMED,FALSE POSITIVE,y_pred
11446443,1,K00001.01,CONFIRMED,0.46803279115872626,0.4963345224759016,0.03563268636537225,CONFIRMED
10666592,1,K00002.01,CONFIRMED,0.2922865382136779,0.5733874798470224,0.13432598193929973,CONFIRMED
10748390,1,K00003.01,CONFIRMED,0.31586463801902026,0.5300775363645241,0.15405782561645567,CONFIRMED
3861595,1,K00004.01,CONFIRMED,0.9298631573599645,0.036629671436719774,0.033507171203315735,CANDIDATE
8554498,1,K00005.01,CANDIDATE,0.5120732703611975,0.48341817249061036,0.004508557148192105,CANDIDATE
3248033,1,K00006.01,FALSE POSITIVE,0.02694484919060936,0.0024667292870578575,0.9705884215223328,FALSE POSITIVE
11853905,1,K00007.01,CONFIRMED,0.05800938811157825,0.9351525387923031,0.006838073096118599,CONFIRMED
5903312,1,K00008.01,FALSE POSITIVE,0.011094490388589343,0.0008637939016271448,0.9880417157097835,FALSE POSITIVE
11553706,1,K00009.01,FALSE POSITIVE,0.0298712494943357,2.8603796979408386e-06,0.9701258901259664,FALSE POSITIVE
6922244,1,K00010.01,CONFIRMED,0.12489608524281354,0.8316244035664362,0.04347951119075028,CONFIRMED
11913073,1,K00011.01,FALSE POSITIVE,0.029553436656154328,0.000369407863733131,0.9700771554801124,FALSE POSITIVE
5812701,1,K00012.01,CONFIRMED,0.10302795701123038,0.43320110764806447,0.46377093534070507,FALSE POSITIVE
9941662,1,K00013.01,CONFIRMED,0.2898356786233504,0.4899699469825526,0.220194374394097,CONFIRMED
7684873,1,K00014.01,FALSE POSITIVE,0.29975858658328997,0.00538164201281571,0.6948597714038943,FALSE POSITIVE
3964562,1,K00015.01,FALSE POSITIVE,0.005074979413486269,4.0920883234551036e-05,0.9948840997032791,FALSE POSITIVE
9110357,1,K00016.01,FALSE POSITIVE,0.03321465706920803,0.0003818996718991643,0.9664034432588928,FALSE POSITIVE
10874614,1,K00017.01,CONFIRMED,0.04537502855023355,0.8488492354188815,0.10577573603088497,CONFIRMED
8191672,1,K00018.01,CONFIRMED,0.04806561947361394,0.846612166782898,0.10532221374348799,CONFIRMED
7255336,1,K00019.01,FALSE POSITIVE,0.2765369378343498,0.08300734684422753,0.6404557153214228,FALSE POSITIVE
11804465,1,K00020.01,CONFIRMED,0.045206492552377256,0.6274984929476728,0.32729501449994997,CONFIRMED
10125352,1,K00021.01,FALSE POSITIVE,0.016047014458603792,0.0006330961001441815,0.9833198894412521,FALSE POSITIVE
9631995,1,K00022.01,CONFIRMED,0.029393882454568608,0.7346538717676416,0.23595224577778975,CONFIRMED
9071386,1,K00023.01,FALSE POSITIVE,0.09330463000133365,0.42085362630449563,0.48584174369417077,FALSE POSITIVE
4743513,1,K00024.01,FALSE POSITIVE,0.0754525552484738,1.4795576762854785e-06,0.92454596519385,FALSE POSITIVE
10593759,1,K00025.01,FALSE POSITIVE,0.0004010897219914264,1.8565367070324706e-07,0.9995987246243379,FALSE POSITIVE
5021737,1,K00026.01,FALSE POSITIVE,8.127223937760075e-05,3.841900096901432e-06,0.9999148858605255,FALSE POSITIVE
3832716,1,K00027.01,FALSE POSITIVE,1.3044057623963961e-05,0.001008824419716981,0.998978131522659,FALSE POSITIVE
4247791,1,K00028.01,FALSE POSITIVE,0.0004051767506351939,5.751752193072525e-08,0.9995947657318428,FALSE POSITIVE
6956014,1,K00031.01,FALSE POSITIVE,0.09816471788205608,0.009479820027870057,0.8923554620900739,FALSE POSITIVE
5725087,1,K00033.01,FALSE POSITIVE,0.17536415721082227,0.0025878603249594673,0.8220479824642183,FALSE POSITIVE
6521045,1,K00041.01,CONFIRMED,0.08675490928406339,0.9109912873731061,0.002253803342830659,CONFIRMED
6521045,2,K00041.02,CONFIRMED,0.3811633508223378,0.6146491211817879,0.0041875279958742,CONFIRMED
6521045,3,K00041.03,CONFIRMED,0.19944004445002592,0.7833224166708729,0.017237538879101264,CONFIRMED
8866102,1,K00042.01,CONFIRMED,0.13331572666618555,0.8399263342887409,0.026757939045073675,CONFIRMED
9025922,1,K00043.01,FALSE POSITIVE,0.016228358953538222,0.014991935565657338,0.9687797054808044,FALSE POSITIVE
8845026,1,K00044.01,FALSE POSITIVE,0.03530315834080507,0.10225497277376126,0.8624418688854337,FALSE POSITIVE
3742855,1,K00045.01,FALSE POSITIVE,0.05631364688833192,0.025252862060193684,0.9184334910514744,FALSE POSITIVE
10905239,1,K00046.01,CONFIRMED,0.032909550460962764,0.9646614065225116,0.002429043016525513,CONFIRMED
10905239,2,K00046.02,CONFIRMED,0.44211139773998254,0.5379937036438175,0.019894898616199922,CONFIRMED
7837302,1,K00048.01,FALSE POSITIVE,0.0007532584762786232,3.138887651640003e-07,0.9992464276349563,FALSE POSITIVE
9527334,1,K00049.01,CONFIRMED,0.04749696221368686,0.9519613210582557,0.0005417167280575739,CONFIRMED
6056992,1,K00051.01,FALSE POSITIVE,0.0189965965895671,0.02337224806570119,0.9576311553447318,FALSE POSITIVE
3558981,1,K00052.01,FALSE POSITIVE,0.33995705246240404,0.002300267244012887,0.6577426802935832,FALSE POSITIVE
2445975,1,K00053.01,FALSE POSITIVE,0.12109179543983686,0.0630593256825129,0.8158488788776503,FALSE POSITIVE
8248939,1,K00061.01,FALSE POSITIVE,0.009797051907712464,1.8699632594041188e-05,0.9901842484596936,FALSE POSITIVE
11554435,1,K00063.01,CONFIRMED,0.07850413472434975,0.8074881614509889,0.11400770382466133,CONFIRMED
7051180,1,K00064.01,CANDIDATE,0.19244775871465086,0.7713004306036161,0.03625181068173304,CONFIRMED
10620329,1,K00066.01,FALSE POSITIVE,0.16018197050972943,0.03557660050659709,0.8042414289836735,FALSE POSITIVE
8669092,1,K00068.01,FALSE POSITIVE,0.34862995962047366,0.0017378481293786696,0.6496321922501477,FALSE POSITIVE
3544595,1,K00069.01,CONFIRMED,0.16164212412628268,0.781838258437888,0.05651961743582946,CONFIRMED
6850504,1,K00070.01,CONFIRMED,0.1560719746665058,0.8334866941014798,0.010441331232014404,CONFIRMED
6850504,2,K00070.02,CONFIRMED,0.17195042366469898,0.8091282771802925,0.01892129915500863,CONFIRMED
6850504,3,K00070.03,CONFIRMED,0.11600348404444243,0.8574134412700956,0.026583074685462074,CONFIRMED
6850504,4,K00070.04,CONFIRMED,0.178166355407704,0.758508859448682,0.06332478514361405,CONFIRMED
6850504,5,K00070.05,CONFIRMED,0.21499846473858086,0.6377714393156747,0.14723009594574435,CONFIRMED
11904151,1,K00072.01,CONFIRMED,0.05883383763563205,0.9288936454852222,0.012272516879145856,CONFIRMED
11904151,2,K00072.02,CONFIRMED,0.035133767148357184,0.9312782989017058,0.033587933949936956,CONFIRMED
6889235,1,K00074.01,FALSE POSITIVE,0.03448634642477313,0.09814608601838527,0.8673675675568416,FALSE POSITIVE
7199397,1,K00075.01,CANDIDATE,0.059594706353479424,0.38208825160064247,0.5583170420458781,FALSE POSITIVE
9955262,1,K00076.01,FALSE POSITIVE,0.5132021396946036,0.03801679225254425,0.4487810680528522,CANDIDATE
9552608,1,K00080.01,FALSE POSITIVE,0.049051330475524874,0.0046126434849469815,0.9463360260395282,FALSE POSITIVE
8823868,1,K00081.01,FALSE POSITIVE,0.016907828681629666,0.13496655965619006,0.8481256116621803,FALSE POSITIVE
10187017,1,K00082.01,CONFIRMED,0.079425607846726,0.9062677917402987,0.014306600412975313,CONFIRMED
10187017,2,K00082.02,CONFIRMED,0.09234516316876434,0.884900444748654,0.022754392082581586,CONFIRMED
10187017,3,K00082.03,CONFIRMED,0.09800507259191343,0.86625649380363,0.03573843360445656,CONFIRMED
10187017,4,K00082.04,CONFIRMED,0.08515351114262219,0.873362842121334,0.04148364673604379,CONFIRMED
10187017,5,K00082.05,CONFIRMED,0.12753280945992987,0.7592879395085632,0.11317925103150688,CONFIRMED
10187017,6,K00082.06,CANDIDATE,0.5402928533624323,0.35254341464673916,0.10716373199082868,CANDIDATE
2571238,1,K00084.01,CONFIRMED,0.048770975829656726,0.9505358123241291,0.0006932118462143512,CONFIRMED
5866724,1,K00085.01,CONFIRMED,0.2671512586751559,0.72803273389002,0.0048160074348241886,CONFIRMED
5866724,2,K00085.02,CONFIRMED,0.03409643504545681,0.9611441798631096,0.0047593850914337136,CONFIRMED
5866724,3,K00085.03,CONFIRMED,0.09619267631762009,0.8901303763548116,0.013676947327568434,CONFIRMED
10593626,1,K00087.01,CONFIRMED,0.30070154334821503,0.49568967839270883,0.20360877825907606,CONFIRMED
7700871,1,K00088.01,FALSE POSITIVE,0.007324690698365763,0.0006876606043476244,0.9919876486972866,FALSE POSITIVE
8056665,1,K00089.01,CONFIRMED,0.16623201138712235,0.8272137638570093,0.006554224755868352,CONFIRMED
8056665,2,K00089.02,CANDIDATE,0.38897352275219416,0.5500414577119062,0.060985019535899715,CONFIRMED
9210823,1,K00090.01,FALSE POSITIVE,0.005384245343134302,0.0023431675463761203,0.9922725871104896,FALSE POSITIVE
7941200,1,K00092.01,CANDIDATE,0.6359266390903539,0.3629061981631057,0.0011671627465403547,CANDIDATE
6462863,1,K00094.01,CONFIRMED,0.04001552178812218,0.9563517549979437,0.0036327232139343525,CONFIRMED
6462863,2,K00094.02,CONFIRMED,0.09339104508742901,0.8987464743313835,0.00786248058118735,CONFIRMED
6462863,3,K00094.03,CONFIRMED,0.047029943038484436,0.9315442428490754,0.021425814112440135,CONFIRMED
6462863,4,K00094.04,CONFIRMED,0.030386560982295585,0.868752909265148,0.10086052975255637,CONFIRMED
5780885,1,K00097.01,CONFIRMED,0.047701462894369454,0.7563936242835158,0.1959049128221149,CONFIRMED
10264660,1,K00098.01,CONFIRMED,0.03237244821741684,0.9371686964478039,0.03045885533477927,CONFIRMED
4055765,1,K00100.01,CANDIDATE,0.13536444042149004,0.0016014987523563851,0.8630340608261536,FALSE POSITIVE
8456679,1,K00102.01,CANDIDATE,0.9181600145013793,0.07944875326229504,0.0023912322363256466,CANDIDATE
8456679,2,K00102.02,FALSE POSITIVE,0.044384792113414666,0.9506918962661376,0.00492331162044762,CONFIRMED
2444412,1,K00103.01,CANDIDATE,0.40554882956292126,0.4593528955746369,0.13509827486244183,CONFIRMED
10318874,1,K00104.01,CONFIRMED,0.1706834559103,0.8082015750813032,0.021114969008396704,CONFIRMED
8711794,1,K00105.01,CONFIRMED,0.20110895655387687,0.7794043980995067,0.019486645346616423,CONFIRMED
10489525,1,K00106.01,FALSE POSITIVE,0.009941889214723958,0.00014969534879749253,0.9899084154364786,FALSE POSITIVE
11250587,1,K00107.01,CONFIRMED,0.11963491412716704,0.8444387555941695,0.03592633027866344,CONFIRMED
4914423,1,K00108.01,CONFIRMED,0.10217512860851369,0.8915465043966239,0.006278366994862533,CONFIRMED
4914423,2,K00108.02,CONFIRMED,0.26241541441951594,0.7194777558617589,0.018106829718725265,CONFIRMED
4752451,1,K00109.01,FALSE POSITIVE,0.004505131939065316,0.00024100600301160932,0.9952538620579232,FALSE POSITIVE
9450647,1,K00110.01,CONFIRMED,0.04337744258992032,0.956307843905156,0.0003147135049237962,CONFIRMED
6678383,1,K00111.01,CONFIRMED,0.11416638989096585,0.872530604834422,0.013303005274612029,CONFIRMED
6678383,2,K00111.02,CONFIRMED,0.0883456095547307,0.900061724275376,0.01159266616989327,CONFIRMED
6678383,3,K00111.03,CONFIRMED,0.06736989158549808,0.9098421097387224,0.022787998675779367,CONFIRMED
10984090,1,K00112.01,CONFIRMED,0.028981790723389765,0.9709893856635449,2.8823613065375496e-05,CONFIRMED
10984090,2,K00112.02,CONFIRMED,0.04155636924377529,0.9565000062322567,0.0019436245239679345,CONFIRMED
6721123,1,K00114.01,FALSE POSITIVE,0.006769349662081971,0.00041822402586214183,0.9928124263120558,FALSE POSITIVE
9579641,1,K00115.01,CONFIRMED,0.05869806379111076,0.9401570373279714,0.0011448988809179066,CONFIRMED
9579641,2,K00115.02,CONFIRMED,0.025397641018617075,0.972022132134076,0.0025802268473069357,CONFIRMED
9579641,3,K00115.03,CANDIDATE,0.4923333278718707,0.48090171283431726,0.026764959293812056,CANDIDATE
8395660,1,K00116.01,CONFIRMED,0.057559397689678785,0.9345535186560265,0.007887083654294738,CONFIRMED
8395660,2,K00116.02,CONFIRMED,0.04539801980781177,0.9432714361796468,0.011330544012541466,CONFIRMED
8395660,3,K00116.03,CONFIRMED,0.45255863302504756,0.5233461208968674,0.024095246078084973,CONFIRMED
8395660,4,K00116.04,CONFIRMED,0.5439516859058734,0.4069471765979647,0.049101137496161955,CANDIDATE
10875245,1,K00117.01,CONFIRMED,0.13780956096304167,0.8549740378230174,0.007216401213940752,CONFIRMED
10875245,2,K00117.02,CONFIRMED,0.1251279362407993,0.8636993257866619,0.01117273797253887,CONFIRMED
10875245,3,K00117.03,CONFIRMED,0.13375506722034539,0.8530955532613017,0.013149379518353061,CONFIRMED
10875245,4,K00117.04,CONFIRMED,0.4023118821775924,0.5710706728110325,0.0266174450113751,CONFIRMED
3531558,1,K00118.01,CONFIRMED,0.09431301157968451,0.8499239759457308,0.05576301247458469,CONFIRMED
9471974,1,K00119.01,CONFIRMED,0.08588107545031891,0.9107089325483056,0.0034099920013754034,CONFIRMED
9471974,2,K00119.02,CONFIRMED,0.16724247268158626,0.7912590360541798,0.04149849126423394,CONFIRMED
11869052,1,K00120.01,CANDIDATE,0.2538226403146688,0.5061640148433236,0.24001334484200748,CONFIRMED
3247396,1,K00121.01,FALSE POSITIVE,0.001203074872890259,2.507225278368786e-06,0.9987944179018313,FALSE POSITIVE
8349582,1,K00122.01,CONFIRMED,0.10223583160133398,0.8868804291088885,0.010883739289777362,CONFIRMED
5094751,1,K00123.01,CONFIRMED,0.16090910289456417,0.7718178103229889,0.06727308678244684,CONFIRMED
5094751,2,K00123.02,CONFIRMED,0.14961639856715153,0.8276666708110808,0.022716930621767543,CONFIRMED
11086270,1,K00124.01,CONFIRMED,0.06304794550720441,0.9368709083360639,8.114615673166375e-05,CONFIRMED
11086270,2,K00124.02,CONFIRMED,0.06695978167826974,0.9299655115365718,0.003074706785158526,CONFIRMED
11449844,1,K00125.01,CONFIRMED,0.07677505162446954,0.8239157178615,0.09930923051403058,CONFIRMED
5897826,1,K00126.01,FALSE POSITIVE,0.1519302033670125,0.009938438194815614,0.838131358438172,FALSE POSITIVE
5897826,2,K00126.02,CANDIDATE,0.5033607058733246,0.25224472363949096,0.24439457048718452,CANDIDATE
8359498,1,K00127.01,CONFIRMED,0.057047579588217136,0.8927625462628401,0.05018987414894266,CONFIRMED
11359879,1,K00128.01,CONFIRMED,0.080148797878507,0.6498268708251262,0.2700243312963668,CONFIRMED
11974540,1,K00129.01,CONFIRMED,0.10237442180944328,0.821418155224912,0.07620742296564462,CONFIRMED
5297298,1,K00130.01,CANDIDATE,0.7261356915902296,0.060364986302629216,0.2134993221071411,CANDIDATE
7778437,1,K00131.01,CONFIRMED,0.08010240909821453,0.8420298024532349,0.07786778844855044,CONFIRMED
8892910,1,K00132.01,FALSE POSITIVE,0.05224540711752332,3.5462890977008414e-06,0.9477510465933789,FALSE POSITIVE
11673674,1,K00133.01,FALSE POSITIVE,0.002880952422788349,8.099316399488381e-06,0.9971109482608123,FALSE POSITIVE
9032900,1,K00134.01,FALSE POSITIVE,0.17859197504460694,0.17619054189393027,0.6452174830614628,FALSE POSITIVE
9818381,1,K00135.01,CONFIRMED,0.12063332488753925,0.7493743605423794,0.1299923145700813,CONFIRMED
7601633,1,K00136.01,FALSE POSITIVE,0.015630131554461888,0.0009017446125651195,0.983468123832973,FALSE POSITIVE
8644288,1,K00137.01,CONFIRMED,0.20832191411906595,0.7850827389704118,0.0065953469105222715,CONFIRMED
8644288,2,K00137.02,CONFIRMED,0.1395479437668875,0.8488748197069377,0.011577236526174747,CONFIRMED
8644288,3,K00137.03,CONFIRMED,0.18654730473244008,0.7892507101117903,0.024201985155769705,CONFIRMED
8506766,1,K00138.01,FALSE POSITIVE,0.02189730702899912,0.00023157533230388816,0.977871117638697,FALSE POSITIVE
8559644,1,K00139.01,CONFIRMED,0.34328895670852616,0.6524359470266625,0.0042750962648114045,CONFIRMED
8559644,2,K00139.02,CONFIRMED,0.017232792266532893,0.9806332117923259,0.002133995941141272,CONFIRMED
5130369,1,K00140.01,FALSE POSITIVE,0.020954143781092793,0.0043381285183908365,0.9747077277005163,FALSE POSITIVE
12105051,1,K00141.01,CANDIDATE,0.23224586177290774,0.7618965964202283,0.005857541806864012,CONFIRMED
4649305,1,K00143.01,CANDIDATE,0.3444649099852261,0.001077031736759922,0.6544580582780141,FALSE POSITIVE
4180280,1,K00144.01,CONFIRMED,0.12845349819948473,0.8639750573160292,0.007571444484486064,CONFIRMED
9904059,1,K00145.01,CANDIDATE,0.4728827588992809,0.029397333602680077,0.497719907498039,FALSE POSITIVE
9048161,1,K00146.01,FALSE POSITIVE,0.004953685948708788,4.909840626992665e-05,0.9949972156450213,FALSE POSITIVE
1996679,1,K00147.01,FALSE POSITIVE,0.004881328148143789,1.7452928315971414e-05,0.9951012189235403,FALSE POSITIVE
5735762,1,K00148.01,CONFIRMED,0.10388305352060302,0.8955588955092021,0.0005580509701947935,CONFIRMED
5735762,2,K00148.02,CONFIRMED,0.14221938066508302,0.8563877275922979,0.0013928917426191915,CONFIRMED
5735762,3,K00148.03,CONFIRMED,0.11342319251557428,0.8575247735173045,0.029052033967121214,CONFIRMED
3835670,1,K00149.01,CONFIRMED,0.028710789963068754,0.9710442974621882,0.0002449125747431853,CONFIRMED
7626506,1,K00150.01,CONFIRMED,0.1356075836796853,0.8594823738817775,0.004910042438537244,CONFIRMED
7626506,2,K00150.02,CONFIRMED,0.13772207887604046,0.8516176390767629,0.0106602820471967,CONFIRMED
2307199,1,K00151.01,CANDIDATE,0.37527713117186734,0.00045163763207758104,0.6242712311960551,FALSE POSITIVE
8394721,1,K00152.01,CONFIRMED,0.12524209825837976,0.8685357735674117,0.00622212817420852,CONFIRMED
8394721,2,K00152.02,CONFIRMED,0.05562771027940959,0.9327518084704832,0.011620481250107237,CONFIRMED
8394721,3,K00152.03,CONFIRMED,0.05530379864515913,0.9247922573688209,0.01990394398602004,CONFIRMED
8394721,4,K00152.04,CONFIRMED,0.32664830841790454,0.5757473976204684,0.09760429396162701,CONFIRMED
12252424,1,K00153.01,CONFIRMED,0.1232609532586477,0.8741770303584616,0.0025620163828905924,CONFIRMED
12252424,2,K00153.02,CONFIRMED,0.0975084457197088,0.8964360425867716,0.0060555116935195955,CONFIRMED
8030148,1,K00155.01,CONFIRMED,0.03901560927809094,0.96070898942958,0.00027540129232894327,CONFIRMED
10925104,1,K00156.01,CONFIRMED,0.09519101065110254,0.8966184435591916,0.008190545789705647,CONFIRMED
10925104,2,K00156.02,CONFIRMED,0.13306514187504728,0.8541909045248701,0.012743953600082665,CONFIRMED
10925104,3,K00156.03,CONFIRMED,0.08702555055783572,0.8910980950594084,0.021876354382755724,CONFIRMED
6541920,1,K00157.01,CONFIRMED,0.1634973752184928,0.819178687012846,0.017323937768661195,CONFIRMED
6541920,2,K00157.02,CONFIRMED,0.15522789586908622,0.8261471215094933,0.018624982621420455,CONFIRMED
6541920,3,K00157.03,CONFIRMED,0.1427117479994478,0.8335714663612507,0.023716785639301446,CONFIRMED
6541920,4,K00157.04,CONFIRMED,0.11077965500221014,0.784015959691362,0.10520438530642803,CONFIRMED
6541920,5,K00157.05,CONFIRMED,0.1279164790550432,0.8006311182392528,0.07145240270570392,CONFIRMED
6541920,6,K00157.06,CONFIRMED,0.12512017436325767,0.7564429540266864,0.118436871610056,CONFIRMED
10555375,1,K00158.01,FALSE POSITIVE,0.005520730431106653,0.0003742851215999414,0.9941049844472933,FALSE POSITIVE
8972058,1,K00159.01,CONFIRMED,0.03774537929139367,0.9621895855626618,6.503514594469333e-05,CONFIRMED
8972058,2,K00159.02,CONFIRMED,0.4617477982312101,0.5359414559605207,0.0023107458082692427,CONFIRMED
6631721,1,K00160.01,CANDIDATE,0.1255020848304216,0.0001598460086313741,0.874338069160947,FALSE POSITIVE
5084942,1,K00161.01,CONFIRMED,0.05616812998292621,0.9315660755352296,0.0122657944818442,CONFIRMED
8107380,1,K00162.01,CONFIRMED,0.06939143300960215,0.8757109288837983,0.05489763810659955,CONFIRMED
6851425,1,K00163.01,CONFIRMED,0.10061750147631457,0.8871452402332346,0.012237258290450864,CONFIRMED
5652237,1,K00164.01,FALSE POSITIVE,0.01130505745878264,0.0008013836484785564,0.9878935588927389,FALSE POSITIVE
9527915,1,K00165.01,CONFIRMED,0.10249387379277712,0.8912824342287369,0.0062236919784859155,CONFIRMED
2441495,1,K00166.01,CONFIRMED,0.13328983024424224,0.8588902585561105,0.007819911199647296,CONFIRMED
11666881,1,K00167.01,CONFIRMED,0.057207537915084566,0.9408607589724669,0.0019317031124486271,CONFIRMED
11512246,1,K00168.01,CONFIRMED,0.06628659514275988,0.9136155661671717,0.0200978386900685,CONFIRMED
11512246,2,K00168.02,CONFIRMED,0.06786261191168545,0.9060175056518638,0.026119882436450723,CONFIRMED
11512246,3,K00168.03,CONFIRMED,0.05966248348632211,0.892120979051513,0.04821653746216496,CONFIRMED
6185711,1,K00169.01,FALSE POSITIVE,0.005616659426258889,7.770938611398446e-05,0.9943056311876273,FALSE POSITIVE
11044770,1,K00170.01,FALSE POSITIVE,0.027997999104401188,0.00041138964959502644,0.9715906112460037,FALSE POSITIVE
7831264,1,K00171.01,CONFIRMED,0.06127504869835185,0.9386920329865713,3.291831507685865e-05,CONFIRMED
7831264,2,K00171.02,CONFIRMED,0.07995426413418628,0.91705550496494,0.0029902309008737666,CONFIRMED
8692861,1,K00172.01,CONFIRMED,0.214229548318846,0.738832228199515,0.04693822348163905,CONFIRMED
8692861,2,K00172.02,CONFIRMED,0.2463316746054167,0.6766455983598266,0.07702272703475663,CONFIRMED
11402995,1,K00173.01,CONFIRMED,0.02697052004512208,0.9726715684935517,0.0003579114613261687,CONFIRMED
10810838,1,K00174.01,CONFIRMED,0.21454733335378012,0.7501089610504436,0.03534370559577631,CONFIRMED
8323753,1,K00175.01,FALSE POSITIVE,0.007658522389637467,5.932127148299055e-05,0.9922821563388795,FALSE POSITIVE
6442377,1,K00176.01,CONFIRMED,0.09992932680805239,0.8992365903865718,0.0008340828053758221,CONFIRMED
6803202,1,K00177.01,CANDIDATE,0.0897329979911815,0.9099919607406355,0.0002750412681828686,CONFIRMED
11455491,1,K00178.01,FALSE POSITIVE,0.009969094785047254,0.0005184072229779714,0.9895124979919748,FALSE POSITIVE
9663113,1,K00179.01,CONFIRMED,0.09868377233612824,0.8987877397164973,0.002528487947374511,CONFIRMED
9663113,2,K00179.02,CONFIRMED,0.43633117398988963,0.39802657953053266,0.16564224647957784,CANDIDATE
9573539,1,K00180.01,CONFIRMED,0.02971984144875599,0.9695088448383263,0.0007713137129177223,CONFIRMED
12504988,1,K00181.01,FALSE POSITIVE,0.20978364005283792,0.005168805343787283,0.7850475546033747,FALSE POSITIVE
5376836,1,K00182.01,CANDIDATE,0.5397635572918721,0.0027152525880375237,0.4575211901200904,CANDIDATE
9651668,1,K00183.01,CONFIRMED,0.08737231327970679,0.8477444927576323,0.06488319396266072,CONFIRMED
7972785,1,K00184.01,FALSE POSITIVE,0.035471292919323376,0.04877027996919351,0.915758427111483,FALSE POSITIVE
4178389,1,K00185.01,FALSE POSITIVE,0.01363506016886842,2.2322602254350495e-06,0.986362707570906,FALSE POSITIVE
12019440,1,K00186.01,CONFIRMED,0.04143435027791863,0.9383292326926859,0.020236417029395354,CONFIRMED
7023960,1,K00187.01,FALSE POSITIVE,0.03560161084637343,0.06798579792869346,0.8964125912249331,FALSE POSITIVE
5357901,1,K00188.01,CONFIRMED,0.05382980059636407,0.9453079681788047,0.0008622312248311525,CONFIRMED
11391018,1,K00189.01,CONFIRMED,0.012180174697130118,0.929497316362328,0.058322508940541834,CONFIRMED
5771719,1,K00190.01,FALSE POSITIVE,0.20529004179728122,0.00035682467231562277,0.7943531335304032,FALSE POSITIVE
5972334,1,K00191.01,CONFIRMED,0.013721820590060623,0.9815976155717966,0.004680563838142875,CONFIRMED
5972334,2,K00191.02,CANDIDATE,0.05855646998810338,0.9333288162701169,0.008114713741779724,CONFIRMED
5972334,3,K00191.03,CANDIDATE,0.04005961440199327,0.9352319566558022,0.02470842894220451,CONFIRMED
5972334,4,K00191.04,CONFIRMED,0.2651098835926006,0.6618348971789878,0.07305521922841149,CONFIRMED
7950644,1,K00192.01,CONFIRMED,0.023418403050450252,0.9091669795587591,0.06741461739079052,CONFIRMED
10799735,1,K00193.01,FALSE POSITIVE,0.05505185428271117,0.17969493229309885,0.76525321342419,FALSE POSITIVE
10904857,1,K00194.01,CONFIRMED,0.6174154546771199,0.002025076415749472,0.3805594689071306,CANDIDATE
11502867,1,K00195.01,CONFIRMED,0.16216953848930482,0.8229032979406511,0.014927163570044122,CONFIRMED
9410930,1,K00196.01,CONFIRMED,0.12350621882687937,0.6526537525306026,0.22384002864251806,CONFIRMED
2987027,1,K00197.01,CONFIRMED,0.029175137051727282,0.9613539504169397,0.009470912531333094,CONFIRMED
10666242,1,K00198.01,FALSE POSITIVE,0.01853649589823156,0.0005264812999013843,0.9809370228018671,FALSE POSITIVE
10019708,1,K00199.01,CONFIRMED,0.0659548672835724,0.9172735279284128,0.01677160478801488,CONFIRMED
10019708,2,K00199.02,FALSE POSITIVE,0.0038526255980434365,0.0035517319827089422,0.9925956424192477,FALSE POSITIVE
6046540,1,K00200.01,CONFIRMED,0.04384040604538365,0.9366458261769164,0.01951376777769993,CONFIRMED
6849046,1,K00201.01,CONFIRMED,0.04569190703144818,0.9042917834599883,0.05001630950856349,CONFIRMED
7877496,1,K00202.01,CONFIRMED,0.17857481218688284,0.6993490745554711,0.12207611325764596,CONFIRMED
10619192,1,K00203.01,CONFIRMED,0.15264043828656684,0.7506132610640233,0.09674630064940988,CONFIRMED
9305831,1,K00204.01,CONFIRMED,0.10472774462279152,0.8216948003686326,0.07357745500857588,CONFIRMED
7046804,1,K00205.01,CONFIRMED,0.08446072664860585,0.9139041132475025,0.001635160103891567,CONFIRMED
5728139,1,K00206.01,CONFIRMED,0.04144855265340127,0.9480486288051777,0.010502818541420966,CONFIRMED
3762468,1,K00208.01,CONFIRMED,0.0974564253708786,0.8793528978662369,0.023190676762884367,CONFIRMED
10723750,1,K00209.01,CONFIRMED,0.06518263016979316,0.9277805526438272,0.007036817186379477,CONFIRMED
10723750,2,K00209.02,CONFIRMED,0.033478879760625226,0.9654641254999655,0.0010569947394091451,CONFIRMED
10602291,1,K00210.01,FALSE POSITIVE,0.016144883345368625,1.8489355414203214e-05,0.9838366272992171,FALSE POSITIVE
10656508,1,K00211.01,CANDIDATE,0.5035582516708371,0.484655110366542,0.01178663796262082,CANDIDATE
6300348,1,K00212.01,CANDIDATE,0.09210205650660616,0.8989177255886506,0.008980217904743184,CONFIRMED
9164836,1,K00213.01,FALSE POSITIVE,0.00013936563797747485,1.708100066844703e-06,0.9998589262619558,FALSE POSITIVE
11046458,1,K00214.01,CONFIRMED,0.13317814963554606,0.7694113999206247,0.0974104504438293,CONFIRMED
12508335,1,K00215.01,FALSE POSITIVE,0.025045462679843533,4.276900208791744e-05,0.9749117683180687,FALSE POSITIVE
6152974,1,K00216.01,CONFIRMED,0.10613409098858123,0.8933566652155602,0.0005092437958586493,CONFIRMED
6152974,2,K00216.02,CONFIRMED,0.2563740462107116,0.74050618292352,0.003119770865768292,CONFIRMED
9595827,1,K00217.01,CONFIRMED,0.08236584196217564,0.8810901333257436,0.0365440247120807,CONFIRMED
9838975,1,K00218.01,FALSE POSITIVE,0.02116216023916735,0.0654472150777454,0.9133906246830872,FALSE POSITIVE
6305192,1,K00219.01,CONFIRMED,0.015987351313524426,0.9835550356775059,0.0004576130089697112,CONFIRMED
7132798,1,K00220.01,CONFIRMED,0.06375708860229229,0.9361530325301605,8.987886754721283e-05,CONFIRMED
7132798,2,K00220.02,CONFIRMED,0.364240471454816,0.6330899893964516,0.002669539148732512,CONFIRMED
3937519,1,K00221.01,CONFIRMED,0.03705444008101056,0.961503940263009,0.0014416196559803702,CONFIRMED
3937519,2,K00221.02,CANDIDATE,0.16723350589601116,0.8240460865966948,0.008720407507294217,CONFIRMED
4249725,1,K00222.01,CONFIRMED,0.14053459084046954,0.8423078181115766,0.017157591047953898,CONFIRMED
4249725,2,K00222.02,CONFIRMED,0.12523079069998566,0.8420993293569302,0.032669879943084054,CONFIRMED
4545187,1,K00223.01,CONFIRMED,0.14389986143732003,0.7729698175947642,0.08313032096791573,CONFIRMED
4545187,2,K00223.02,CONFIRMED,0.13484147926924073,0.8603992864373655,0.004759234293393769,CONFIRMED
5547480,1,K00224.01,FALSE POSITIVE,0.0030210694910339404,1.955942775289042e-05,0.9969593710812131,FALSE POSITIVE
5801571,1,K00225.01,FALSE POSITIVE,0.24750901739873876,0.2772631737437179,0.47522780885754323,FALSE POSITIVE
5959753,1,K00226.01,CONFIRMED,0.08838976150112335,0.9077713059211167,0.0038389325777599026,CONFIRMED
3847907,1,K00229.01,CONFIRMED,0.034590325255083765,0.961957098053574,0.0034525766913422865,CONFIRMED
3862246,1,K00230.01,FALSE POSITIVE,0.013347620059038437,0.00033869629748810006,0.9863136836434734,FALSE POSITIVE
4043443,1,K00231.01,FALSE POSITIVE,0.0648722575754351,0.14999240369526762,0.7851353387292972,FALSE POSITIVE
4833421,1,K00232.01,CONFIRMED,0.041621884653376344,0.9449563160584777,0.013421799288145825,CONFIRMED
4833421,2,K00232.02,CONFIRMED,0.03700740734674754,0.9432814868077032,0.019711105845549193,CONFIRMED
4833421,3,K00232.03,CONFIRMED,0.05443244295349996,0.9035329990862367,0.042034557960263196,CONFIRMED
4833421,4,K00232.04,CONFIRMED,0.06732404297606417,0.8643868459857249,0.06828911103821084,CONFIRMED
4833421,5,K00232.05,CONFIRMED,0.07105640719848638,0.8168401403664262,0.11210345243508757,CONFIRMED
5023956,1,K00233.01,FALSE POSITIVE,0.0156801051654697,0.00018501806848500652,0.9841348767660453,FALSE POSITIVE
8491277,1,K00234.01,CONFIRMED,0.09825527866398519,0.8673394987362828,0.034405222599731916,CONFIRMED
8107225,1,K00235.01,CONFIRMED,0.1230308236504202,0.7237214716291874,0.15324770472039237,CONFIRMED
8453211,1,K00236.01,FALSE POSITIVE,0.006270413356464536,0.001820122777310917,0.9919094638662247,FALSE POSITIVE
8041216,1,K00237.01,CONFIRMED,0.05355587990286881,0.9461489383770975,0.0002951817200336728,CONFIRMED
7219825,1,K00238.01,CONFIRMED,0.11671701876259656,0.8824688430293114,0.000814138208092096,CONFIRMED
7219825,2,K00238.02,CONFIRMED,0.4769274259991599,0.36550787947710056,0.15756469452373953,CANDIDATE
7219825,3,K00238.03,CANDIDATE,0.38422209573191446,0.5803621496177147,0.035415754650370924,CONFIRMED
6383785,1,K00239.01,CONFIRMED,0.1648605533545878,0.8306923251987471,0.00444712144666512,CONFIRMED
6383785,2,K00239.02,CANDIDATE,0.134815081143901,0.8534630552210273,0.011721863635071782,CONFIRMED
8026752,1,K00240.01,CONFIRMED,0.08361213049113005,0.9046339155985383,0.011753953910331601,CONFIRMED
11288051,1,K00241.01,CONFIRMED,0.1337413514332079,0.8638221309092627,0.002436517657529302,CONFIRMED
11288051,2,K00241.02,CONFIRMED,0.1569234553978169,0.8370338212703565,0.0060427233318266875,CONFIRMED
11288051,3,K00241.03,CONFIRMED,0.10510264270612639,0.860453309689615,0.034444047604258766,CONFIRMED
3642741,1,K00242.01,FALSE POSITIVE,0.09372481167242804,0.8519395813304047,0.05433560699716726,CONFIRMED
9592579,1,K00243.01,FALSE POSITIVE,0.0037080792241221297,0.00019368359374327243,0.9960982371821345,FALSE POSITIVE
4349452,1,K00244.01,CONFIRMED,0.1078846874515774,0.8882530447175363,0.0038622678308862625,CONFIRMED
4349452,2,K00244.02,CONFIRMED,0.1435193078438444,0.8484297327008896,0.008050959455266049,CONFIRMED
8478994,1,K00245.01,CONFIRMED,0.1308019924831418,0.8551690524153969,0.014028955101461361,CONFIRMED
8478994,2,K00245.02,CONFIRMED,0.08039895092568364,0.8919156043346192,0.027685444739697123,CONFIRMED
11295426,1,K00246.01,CONFIRMED,0.09355328352821325,0.9000385459228166,0.006408170548970041,CONFIRMED
11295426,2,K00246.02,CONFIRMED,0.12545451109294653,0.8593243873571051,0.01522110154994828,CONFIRMED
11852982,1,K00247.01,CANDIDATE,0.13693511238820943,0.8376916950333764,0.025373192578414364,CONFIRMED
5364071,1,K00248.01,CONFIRMED,0.13666711075767246,0.8601818243832625,0.0031510648590649384,CONFIRMED
5364071,2,K00248.02,CONFIRMED,0.05073914407914354,0.9403430750906682,0.008917780830188316,CONFIRMED
5364071,3,K00248.03,CONFIRMED,0.05191333802862046,0.9248621638160459,0.023224498155333655,CONFIRMED
5364071,4,K00248.04,CONFIRMED,0.13571812992410795,0.8015490649020494,0.06273280517384247,CONFIRMED
9390653,1,K00249.01,CONFIRMED,0.14417058735855803,0.8179811645351883,0.037848248106253535,CONFIRMED
9757613,1,K00250.01,CONFIRMED,0.09696761507031758,0.8993948156362539,0.003637569293428406,CONFIRMED
9757613,2,K00250.02,CONFIRMED,0.12928223853826606,0.8641841259334709,0.00653363552826309,CONFIRMED
9757613,3,K00250.03,CONFIRMED,0.1252994762886684,0.8600479794100547,0.014652544301276963,CONFIRMED
9757613,4,K00250.04,CONFIRMED,0.10096322189886289,0.8283704845829883,0.0706662935181488,CONFIRMED
10489206,1,K00251.01,CONFIRMED,0.13785707072237177,0.8550734497796056,0.007069479498022692,CONFIRMED
10489206,2,K00251.02,CONFIRMED,0.39363482409291606,0.5946569254502277,0.011708250456856233,CONFIRMED
11187837,1,K00252.01,CANDIDATE,0.12206187351809547,0.8622343389240443,0.015703787557860165,CONFIRMED
11752906,1,K00253.01,CANDIDATE,0.19462293504372954,0.7953235630020126,0.010053501954258007,CONFIRMED
11752906,2,K00253.02,CANDIDATE,0.26151471343317484,0.7124609285392198,0.026024358027605214,CONFIRMED
5794240,1,K00254.01,CONFIRMED,0.06663113764230577,0.8482518453486975,0.08511701700899685,CONFIRMED
7021681,1,K00255.01,CONFIRMED,0.09637525104812855,0.9006590209743414,0.0029657279775299077,CONFIRMED
7021681,2,K00255.02,CANDIDATE,0.2914880927218987,0.7008852767176245,0.007626630560476787,CONFIRMED
7021681,3,K00255.03,FALSE POSITIVE,0.4873809860993776,0.0772634141454198,0.4353555997552027,CANDIDATE
11548140,1,K00256.01,FALSE POSITIVE,0.030971549567836102,0.6577132013108228,0.31131524912134123,CONFIRMED
5514383,1,K00257.01,CONFIRMED,0.18733870348553366,0.6837742852050935,0.12888701130937277,CONFIRMED
11231334,1,K00258.01,FALSE POSITIVE,0.009085313964537144,0.0014415090297072509,0.9894731770057557,FALSE POSITIVE
5790807,1,K00259.01,FALSE POSITIVE,0.42095143657102546,0.049318457346734325,0.5297301060822402,FALSE POSITIVE
8292840,1,K00260.01,CONFIRMED,0.10432180125992495,0.8913104931236497,0.0043677056164253296,CONFIRMED
8292840,2,K00260.02,CONFIRMED,0.059106128605378255,0.9284894625402993,0.012404408854322436,CONFIRMED
8292840,3,K00260.03,CONFIRMED,0.07547519448919832,0.8986396350027331,0.025885170508068614,CONFIRMED
5383248,1,K00261.01,CONFIRMED,0.19949489454860236,0.7969825416599734,0.003522563791424228,CONFIRMED
11807274,1,K00262.01,CONFIRMED,0.1806433014346154,0.8109856011614485,0.00837109740393614,CONFIRMED
11807274,2,K00262.02,CONFIRMED,0.29692950849482763,0.6905796277020252,0.01249086380314715,CONFIRMED
10514430,1,K00263.01,FALSE POSITIVE,0.13448490926586015,0.010852801299314542,0.8546622894348254,FALSE POSITIVE
3097346,1,K00264.01,FALSE POSITIVE,0.010376778915590697,0.0006752286836049643,0.9889479924008042,FALSE POSITIVE
12024120,1,K00265.01,CONFIRMED,0.019882402719635168,0.9796557329968926,0.0004618642834723391,CONFIRMED
7375348,1,K00266.01,CONFIRMED,0.09313429584035211,0.9065363731269462,0.0003293310327015818,CONFIRMED
7375348,2,K00266.02,CANDIDATE,0.3532442228932895,0.644613716504475,0.002142060602235378,CONFIRMED
3425851,1,K00268.01,CANDIDATE,0.12166512306693815,0.8506342303821957,0.027700646550866195,CONFIRMED
7670943,1,K00269.01,CANDIDATE,0.08212369610420103,0.9039808408454595,0.013895463050339606,CONFIRMED
6528464,1,K00270.01,CONFIRMED,0.05143598782334876,0.8299276723206038,0.11863633985604737,CONFIRMED
6528464,2,K00270.02,CONFIRMED,0.1295464727189933,0.7478802575181532,0.12257326976285336,CONFIRMED
9451706,1,K00271.01,CONFIRMED,0.1749252293828734,0.7533900013329826,0.0716847692841441,CONFIRMED
9451706,2,K00271.02,CONFIRMED,0.15275247214927165,0.7593726691815196,0.08787485866920892,CONFIRMED
9451706,3,K00271.03,CONFIRMED,0.1872067691996674,0.7138091832075855,0.09898404759274722,CONFIRMED
5716763,1,K00272.01,FALSE POSITIVE,0.31634755706717793,0.12354698054072985,0.5601054623920922,FALSE POSITIVE
3102384,1,K00273.01,CONFIRMED,0.16447547564392273,0.6965822606269114,0.13894226372916593,CONFIRMED
8077137,1,K00274.01,CONFIRMED,0.17306229170455234,0.8153002513992715,0.01163745689617618,CONFIRMED
8077137,2,K00274.02,CONFIRMED,0.18426411192302433,0.7946812333983341,0.021054654678641663,CONFIRMED
10586004,1,K00275.01,CONFIRMED,0.09814964182835326,0.8968447025708851,0.0050056556007615485,CONFIRMED
10586004,2,K00275.02,CONFIRMED,0.26987995877938287,0.7214824958287269,0.008637545391890204,CONFIRMED
11133306,1,K00276.01,CONFIRMED,0.13182358244265008,0.8414888422354654,0.026687575321884583,CONFIRMED
11401755,1,K00277.01,CONFIRMED,0.16068138298842133,0.7304958993550424,0.10882271765653632,CONFIRMED
11401755,2,K00277.02,CONFIRMED,0.04115132368396891,0.8285498611336217,0.13029881518240935,CONFIRMED
12314973,1,K00279.01,CONFIRMED,0.09331463886479703,0.9058566685710798,0.0008286925641231742,CONFIRMED
12314973,2,K00279.02,CONFIRMED,0.1221785398725219,0.8755372269156919,0.002284233211786263,CONFIRMED
12314973,3,K00279.03,CONFIRMED,0.43140125977158394,0.5556018818231636,0.01299685840525232,CONFIRMED
4141376,1,K00280.01,CONFIRMED,0.11673798919375783,0.8278049695499943,0.05545704125624782,CONFIRMED
4143755,1,K00281.01,CONFIRMED,0.136373081507486,0.8245975245012029,0.03902939399131108,CONFIRMED
5088536,1,K00282.01,CONFIRMED,0.10748958150360634,0.8718289636455105,0.020681454850883185,CONFIRMED
5088536,2,K00282.02,CONFIRMED,0.10550069615370758,0.8643541563200557,0.030145147526236607,CONFIRMED
5088536,3,K00282.03,CONFIRMED,0.4942410434150911,0.44339165665843233,0.06236729992647661,CANDIDATE
5695396,1,K00283.01,CONFIRMED,0.04671597203809041,0.9516478648917955,0.0016361630701140376,CONFIRMED
5695396,2,K00283.02,CONFIRMED,0.05316029523923731,0.9195234498213564,0.02731625493940637,CONFIRMED
6021275,1,K00284.01,CONFIRMED,0.03355266077788895,0.9566955470746626,0.009751792147448424,CONFIRMED
6021275,2,K00284.02,CONFIRMED,0.13202904385281627,0.8560075380804477,0.011963418066735948,CONFIRMED
6021275,3,K00284.03,CONFIRMED,0.03587603027945955,0.9351984014609265,0.028925568259613926,CONFIRMED
6021275,4,K00284.04,CONFIRMED,0.4151649261444963,0.45763166718802745,0.12720340666747626,CONFIRMED
6196457,1,K00285.01,CONFIRMED,0.049228316767390784,0.9482407958183773,0.00253088741423186,CONFIRMED
6196457,2,K00285.02,CONFIRMED,0.10599893449721802,0.8893875660270857,0.004613499475696221,CONFIRMED
6196457,3,K00285.03,CONFIRMED,0.10034416270794455,0.8878249943648346,0.011830842927220793,CONFIRMED
8258171,1,K00286.01,FALSE POSITIVE,0.0085035735311233,0.00011319634889137971,0.9913832301199854,FALSE POSITIVE
8703887,1,K00287.01,FALSE POSITIVE,0.03149752151831584,0.003387265293558697,0.9651152131881254,FALSE POSITIVE
9592705,1,K00288.01,CANDIDATE,0.2502585610137336,0.734161579996104,0.015579858990162312,CONFIRMED
10386922,1,K00289.01,CANDIDATE,0.2763036128388621,0.6312267966049702,0.0924695905561676,CONFIRMED
10386922,2,K00289.02,CONFIRMED,0.020328161575638697,0.9779880574935873,0.0016837809307739802,CONFIRMED
10488450,1,K00290.01,FALSE POSITIVE,0.0119021992390059,0.0001198624844076968,0.9879779382765864,FALSE POSITIVE
10933561,1,K00291.01,CONFIRMED,0.0811062617503437,0.9187255384743156,0.00016819977534081852,CONFIRMED
10933561,2,K00291.02,CONFIRMED,0.12319120093435615,0.8734224543111913,0.0033863447544526764,CONFIRMED
11075737,1,K00292.01,CONFIRMED,0.03602444301873549,0.9630162729683874,0.0009592840128771193,CONFIRMED
11200415,1,K00293.01,FALSE POSITIVE,0.011870096693558969,0.00019993046577408173,0.987929972840667,FALSE POSITIVE
11259686,1,K00294.01,CONFIRMED,0.16278668325937723,0.823127458003896,0.014085858736726938,CONFIRMED
11547513,1,K00295.01,CONFIRMED,0.02939994820095988,0.9704775362957782,0.00012251550326203536,CONFIRMED
11547513,2,K00295.02,CONFIRMED,0.06699019302675242,0.9272770523959902,0.0057327545772573475,CONFIRMED
11802615,1,K00296.01,CONFIRMED,0.0422375474540228,0.957073033236977,0.0006894193090000437,CONFIRMED
11905011,1,K00297.01,CONFIRMED,0.16161944962051547,0.7956665150431588,0.042714035336325853,CONFIRMED
12785320,1,K00298.01,CONFIRMED,0.10454011099551648,0.888826933339303,0.006632955665180604,CONFIRMED
12785320,2,K00298.02,CANDIDATE,0.26121996540296916,0.729220701016972,0.009559333580058754,CONFIRMED
2692377,1,K00299.01,CONFIRMED,0.05464537313399507,0.5357469516654462,0.40960767520055885,CONFIRMED
3438975,1,K00300.01,FALSE POSITIVE,0.03670498525427841,0.011455245966135636,0.9518397687795861,FALSE POSITIVE
3642289,1,K00301.01,CONFIRMED,0.09067914931256017,0.9066372725390665,0.0026835781483732224,CONFIRMED
3642289,2,K00301.02,CONFIRMED,0.26537610048383137,0.7290682776718906,0.005555621844277949,CONFIRMED
3662838,1,K00302.01,CONFIRMED,0.13971234019500545,0.846008260435913,0.01427939936908139,CONFIRMED
5966322,1,K00303.01,CONFIRMED,0.07041473671783421,0.928790596019048,0.0007946672631177842,CONFIRMED
6029239,1,K00304.01,CONFIRMED,0.05678929311158471,0.9431179278076417,9.277908077357556e-05,CONFIRMED
6029239,2,K00304.02,CANDIDATE,0.9500231168837919,0.010410584168688333,0.03956629894751976,CANDIDATE
6063220,1,K00305.01,CONFIRMED,0.21361089853162957,0.7595979084796923,0.02679119298867815,CONFIRMED
6071903,1,K00306.01,CONFIRMED,0.09692119480974058,0.9016737904265388,0.0014050147637204877,CONFIRMED
6289257,1,K00307.01,CONFIRMED,0.06887316229362316,0.9310009689040355,0.00012586880234138903,CONFIRMED
6289257,2,K00307.02,CONFIRMED,0.03786014337520172,0.9596558751336486,0.0024839814911497256,CONFIRMED
6291837,1,K00308.01,CANDIDATE,0.253678540795672,0.7457112034370887,0.0006102557672392632,CONFIRMED
7024222,1,K00309.01,FALSE POSITIVE,0.008508313529638486,0.00014689371408123652,0.9913447927562803,FALSE POSITIVE
7050989,1,K00312.01,CONFIRMED,0.09457748951435155,0.905291586661182,0.00013092382446643405,CONFIRMED
7050989,2,K00312.02,CONFIRMED,0.07060997454915534,0.9267806847430193,0.0026093407078254098,CONFIRMED
7419318,1,K00313.01,CONFIRMED,0.0560111656972393,0.9380890724392781,0.00589976186348266,CONFIRMED
7419318,2,K00313.02,CONFIRMED,0.05286619436918912,0.9254080067544238,0.021725798876387033,CONFIRMED
7603200,1,K00314.01,CONFIRMED,0.10708168065164762,0.8880014088175596,0.004916910530792942,CONFIRMED
