kepid,tce_plnt_num,kepoi_name,koi_disposition,CANDIDATE,CONFIRMED,FALSE POSITIVE,y_pred
11446443,1,K00001.01,CONFIRMED,0.6509146341463415,0.25609756097560976,0.09298780487804878,CANDIDATE
10666592,1,K00002.01,CONFIRMED,0.16408068269976728,0.1978277734678045,0.6380915438324283,FALSE POSITIVE
10748390,1,K00003.01,CONFIRMED,0.4411764705882353,0.5588235294117647,0.0,CONFIRMED
3861595,1,K00004.01,CONFIRMED,0.4340503246753246,0.018668831168831168,0.5472808441558441,FALSE POSITIVE
8554498,1,K00005.01,CANDIDATE,0.46015936254980083,0.50398406374502,0.035856573705179286,CONFIRMED
3248033,1,K00006.01,FALSE POSITIVE,0.004281793229643184,0.0,0.9957182067703568,FALSE POSITIVE
11853905,1,K00007.01,CONFIRMED,0.004352458726345546,0.9956475412736545,0.0,CONFIRMED
5903312,1,K00008.01,FALSE POSITIVE,0.004209218635916199,0.001810636195114144,0.9939801451689697,FALSE POSITIVE
11553706,1,K00009.01,FALSE POSITIVE,0.004209218635916199,0.001810636195114144,0.9939801451689697,FALSE POSITIVE
6922244,1,K00010.01,CONFIRMED,0.08876297707299514,0.7076093066896382,0.20362771623736667,CONFIRMED
11913073,1,K00011.01,FALSE POSITIVE,0.004209218635916199,0.001810636195114144,0.9939801451689697,FALSE POSITIVE
5812701,1,K00012.01,CONFIRMED,0.06629555997349237,0.9337044400265077,0.0,CONFIRMED
9941662,1,K00013.01,CONFIRMED,0.11391926776759063,0.0026251862796655215,0.8834555459527438,FALSE POSITIVE
7684873,1,K00014.01,FALSE POSITIVE,0.10244946173521924,0.0027132724856855526,0.8948372657790952,FALSE POSITIVE
3964562,1,K00015.01,FALSE POSITIVE,0.004203895592920369,0.0018083464365746,0.9939877579705051,FALSE POSITIVE
9110357,1,K00016.01,FALSE POSITIVE,0.07313365338780659,0.0016853116002041543,0.9251810350119892,FALSE POSITIVE
10874614,1,K00017.01,CONFIRMED,0.004352458726345546,0.9956475412736545,0.0,CONFIRMED
8191672,1,K00018.01,CONFIRMED,0.004184672695500369,0.9572656152004964,0.038549712104003396,CONFIRMED
7255336,1,K00019.01,FALSE POSITIVE,0.4488071763823701,0.0016330158024828506,0.549559807815147,FALSE POSITIVE
11804465,1,K00020.01,CONFIRMED,0.01607142857142857,0.7125,0.2714285714285714,CONFIRMED
10125352,1,K00021.01,FALSE POSITIVE,0.04218519250671535,0.0028954498412735326,0.9549193576520111,FALSE POSITIVE
9631995,1,K00022.01,CONFIRMED,0.07244378667671648,0.8864682321210752,0.041087981202208364,CONFIRMED
9071386,1,K00023.01,FALSE POSITIVE,0.4488071763823701,0.0016330158024828506,0.549559807815147,FALSE POSITIVE
4743513,1,K00024.01,FALSE POSITIVE,0.004209218635916199,0.001810636195114144,0.9939801451689697,FALSE POSITIVE
10593759,1,K00025.01,FALSE POSITIVE,0.006978521614232065,0.0030018787133789843,0.9900195996723891,FALSE POSITIVE
5021737,1,K00026.01,FALSE POSITIVE,0.10244946173521924,0.0027132724856855526,0.8948372657790952,FALSE POSITIVE
3832716,1,K00027.01,FALSE POSITIVE,0.0146836732513161,0.002978586235636892,0.982337740513047,FALSE POSITIVE
4247791,1,K00028.01,FALSE POSITIVE,0.004209218635916199,0.001810636195114144,0.9939801451689697,FALSE POSITIVE
6956014,1,K00031.01,FALSE POSITIVE,0.02756282005176544,0.0018918193375846507,0.9705453606106499,FALSE POSITIVE
5725087,1,K00033.01,FALSE POSITIVE,0.02676104565066496,0.001836788237227955,0.9714021661121071,FALSE POSITIVE
6521045,1,K00041.01,CONFIRMED,0.06629555997349237,0.9337044400265077,0.0,CONFIRMED
6521045,2,K00041.02,CONFIRMED,0.09026750142287991,0.90973249857712,0.0,CONFIRMED
6521045,3,K00041.03,CONFIRMED,0.004352458726345546,0.9956475412736545,0.0,CONFIRMED
8866102,1,K00042.01,CONFIRMED,0.18653040744647084,0.7774353092968247,0.036034283256704595,CONFIRMED
9025922,1,K00043.01,FALSE POSITIVE,0.004209218635916199,0.001810636195114144,0.9939801451689697,FALSE POSITIVE
8845026,1,K00044.01,FALSE POSITIVE,0.09768120700666233,0.005851778440391024,0.8964670145529466,FALSE POSITIVE
3742855,1,K00045.01,FALSE POSITIVE,0.07390143412322905,0.0017478204553098443,0.9243507454214611,FALSE POSITIVE
10905239,1,K00046.01,CONFIRMED,0.004352458726345546,0.9956475412736545,0.0,CONFIRMED
10905239,2,K00046.02,CONFIRMED,0.6946107784431137,0.3053892215568862,0.0,CANDIDATE
7837302,1,K00048.01,FALSE POSITIVE,0.004209218635916199,0.001810636195114144,0.9939801451689697,FALSE POSITIVE
9527334,1,K00049.01,CONFIRMED,0.08565009828699804,0.9143499017130019,0.0,CONFIRMED
6056992,1,K00051.01,FALSE POSITIVE,0.02676104565066496,0.001836788237227955,0.9714021661121071,FALSE POSITIVE
3558981,1,K00052.01,FALSE POSITIVE,0.4488071763823701,0.0016330158024828506,0.549559807815147,FALSE POSITIVE
2445975,1,K00053.01,FALSE POSITIVE,0.3415383610199115,0.0012427108345175676,0.6572189281455709,FALSE POSITIVE
8248939,1,K00061.01,FALSE POSITIVE,0.004209218635916199,0.001810636195114144,0.9939801451689697,FALSE POSITIVE
11554435,1,K00063.01,CONFIRMED,0.06629555997349237,0.9337044400265077,0.0,CONFIRMED
7051180,1,K00064.01,CANDIDATE,0.4148666307940656,0.4543777384887385,0.13075563071719576,CONFIRMED
10620329,1,K00066.01,FALSE POSITIVE,0.11186044013815792,0.002577742101425107,0.885561817760417,FALSE POSITIVE
8669092,1,K00068.01,FALSE POSITIVE,0.0146836732513161,0.002978586235636892,0.982337740513047,FALSE POSITIVE
3544595,1,K00069.01,CONFIRMED,0.09026750142287991,0.90973249857712,0.0,CONFIRMED
6850504,1,K00070.01,CONFIRMED,0.004352458726345546,0.9956475412736545,0.0,CONFIRMED
6850504,2,K00070.02,CONFIRMED,0.030569092593338433,0.9694309074066615,0.0,CONFIRMED
6850504,3,K00070.03,CONFIRMED,0.06629555997349237,0.9337044400265077,0.0,CONFIRMED
6850504,4,K00070.04,CONFIRMED,0.20668374896243097,0.793316251037569,0.0,CONFIRMED
6850504,5,K00070.05,CONFIRMED,0.20668374896243097,0.793316251037569,0.0,CONFIRMED
11904151,1,K00072.01,CONFIRMED,0.004352458726345546,0.9956475412736545,0.0,CONFIRMED
11904151,2,K00072.02,CONFIRMED,0.5649895178197065,0.43501048218029353,0.0,CANDIDATE
6889235,1,K00074.01,FALSE POSITIVE,0.005144135188866799,0.22805666003976144,0.7667992047713719,FALSE POSITIVE
7199397,1,K00075.01,CANDIDATE,0.32148192150113997,0.16365431149703422,0.5148637670018257,FALSE POSITIVE
9955262,1,K00076.01,FALSE POSITIVE,0.0,0.31135531135531136,0.6886446886446886,FALSE POSITIVE
9552608,1,K00080.01,FALSE POSITIVE,0.10244946173521924,0.0027132724856855526,0.8948372657790952,FALSE POSITIVE
8823868,1,K00081.01,FALSE POSITIVE,0.09768120700666233,0.005851778440391024,0.8964670145529466,FALSE POSITIVE
10187017,1,K00082.01,CONFIRMED,0.004352458726345546,0.9956475412736545,0.0,CONFIRMED
10187017,2,K00082.02,CONFIRMED,0.004352458726345546,0.9956475412736545,0.0,CONFIRMED
10187017,3,K00082.03,CONFIRMED,0.06629555997349237,0.9337044400265077,0.0,CONFIRMED
10187017,4,K00082.04,CONFIRMED,0.19350315494274364,0.8064968450572564,0.0,CONFIRMED
10187017,5,K00082.05,CONFIRMED,0.28742514970059885,0.7125748502994013,0.0,CONFIRMED
10187017,6,K00082.06,CANDIDATE,0.5151777970511708,0.4848222029488291,0.0,CANDIDATE
2571238,1,K00084.01,CONFIRMED,0.7272727272727273,0.2727272727272727,0.0,CANDIDATE
5866724,1,K00085.01,CONFIRMED,0.09026750142287991,0.90973249857712,0.0,CONFIRMED
5866724,2,K00085.02,CONFIRMED,0.28742514970059885,0.7125748502994013,0.0,CONFIRMED
5866724,3,K00085.03,CONFIRMED,0.004352458726345546,0.9956475412736545,0.0,CONFIRMED
10593626,1,K00087.01,CONFIRMED,0.7583557433730311,0.24164425662696887,0.0,CANDIDATE
7700871,1,K00088.01,FALSE POSITIVE,0.004209218635916199,0.001810636195114144,0.9939801451689697,FALSE POSITIVE
8056665,1,K00089.01,CONFIRMED,0.20668374896243097,0.793316251037569,0.0,CONFIRMED
8056665,2,K00089.02,CANDIDATE,0.11946795646916565,0.8805320435308344,0.0,CONFIRMED
9210823,1,K00090.01,FALSE POSITIVE,0.004209218635916199,0.001810636195114144,0.9939801451689697,FALSE POSITIVE
7941200,1,K00092.01,CANDIDATE,0.4717148430572796,0.5282851569427203,0.0,CONFIRMED
6462863,1,K00094.01,CONFIRMED,0.15930556804893406,0.8034541692902761,0.03724026266078978,CONFIRMED
6462863,2,K00094.02,CONFIRMED,0.06629555997349237,0.9337044400265077,0.0,CONFIRMED
6462863,3,K00094.03,CONFIRMED,0.06629555997349237,0.9337044400265077,0.0,CONFIRMED
6462863,4,K00094.04,CONFIRMED,0.004352458726345546,0.9956475412736545,0.0,CONFIRMED
5780885,1,K00097.01,CONFIRMED,0.005961529704982031,0.7719076980969327,0.22213077219808533,CONFIRMED
10264660,1,K00098.01,CONFIRMED,0.06629555997349237,0.9337044400265077,0.0,CONFIRMED
4055765,1,K00100.01,CANDIDATE,0.0665212372395584,0.00176174905810957,0.9317170137023321,FALSE POSITIVE
8456679,1,K00102.01,CANDIDATE,0.056017894853443016,0.8154736168829081,0.12850848826364894,CONFIRMED
8456679,2,K00102.02,FALSE POSITIVE,0.06438860990667901,0.7878999678388204,0.14771142225450046,CONFIRMED
2444412,1,K00103.01,CANDIDATE,0.12316715542521994,0.8768328445747802,0.0,CONFIRMED
10318874,1,K00104.01,CONFIRMED,0.06629555997349237,0.9337044400265077,0.0,CONFIRMED
8711794,1,K00105.01,CONFIRMED,0.031032627525629384,0.7844675892635408,0.1844997832108298,CONFIRMED
10489525,1,K00106.01,FALSE POSITIVE,0.004209218635916199,0.001810636195114144,0.9939801451689697,FALSE POSITIVE
11250587,1,K00107.01,CONFIRMED,0.06629555997349237,0.9337044400265077,0.0,CONFIRMED
4914423,1,K00108.01,CONFIRMED,0.004352458726345546,0.9956475412736545,0.0,CONFIRMED
4914423,2,K00108.02,CONFIRMED,0.08383961117861484,0.9161603888213852,0.0,CONFIRMED
4752451,1,K00109.01,FALSE POSITIVE,0.004209218635916199,0.001810636195114144,0.9939801451689697,FALSE POSITIVE
9450647,1,K00110.01,CONFIRMED,0.030569092593338433,0.9694309074066615,0.0,CONFIRMED
6678383,1,K00111.01,CONFIRMED,0.06629555997349237,0.9337044400265077,0.0,CONFIRMED
6678383,2,K00111.02,CONFIRMED,0.06629555997349237,0.9337044400265077,0.0,CONFIRMED
6678383,3,K00111.03,CONFIRMED,0.19350315494274364,0.8064968450572564,0.0,CONFIRMED
10984090,1,K00112.01,CONFIRMED,0.004352458726345546,0.9956475412736545,0.0,CONFIRMED
10984090,2,K00112.02,CONFIRMED,0.06389312184373912,0.8998685820967078,0.036238296059553116,CONFIRMED
6721123,1,K00114.01,FALSE POSITIVE,0.004209218635916199,0.001810636195114144,0.9939801451689697,FALSE POSITIVE
9579641,1,K00115.01,CONFIRMED,0.004352458726345546,0.9956475412736545,0.0,CONFIRMED
9579641,2,K00115.02,CONFIRMED,0.06389312184373912,0.8998685820967078,0.036238296059553116,CONFIRMED
9579641,3,K00115.03,CANDIDATE,0.35902554961378497,0.6057516339869282,0.03522281639928699,CONFIRMED
8395660,1,K00116.01,CONFIRMED,0.004352458726345546,0.9956475412736545,0.0,CONFIRMED
8395660,2,K00116.02,CONFIRMED,0.004352458726345546,0.9956475412736545,0.0,CONFIRMED
8395660,3,K00116.03,CONFIRMED,0.19350315494274364,0.8064968450572564,0.0,CONFIRMED
8395660,4,K00116.04,CONFIRMED,0.06629555997349237,0.9337044400265077,0.0,CONFIRMED
10875245,1,K00117.01,CONFIRMED,0.004352458726345546,0.9956475412736545,0.0,CONFIRMED
10875245,2,K00117.02,CONFIRMED,0.06629555997349237,0.9337044400265077,0.0,CONFIRMED
10875245,3,K00117.03,CONFIRMED,0.06629555997349237,0.9337044400265077,0.0,CONFIRMED
10875245,4,K00117.04,CONFIRMED,1.0,0.0,0.0,CANDIDATE
3531558,1,K00118.01,CONFIRMED,0.19350315494274364,0.8064968450572564,0.0,CONFIRMED
9471974,1,K00119.01,CONFIRMED,0.004352458726345546,0.9956475412736545,0.0,CONFIRMED
9471974,2,K00119.02,CONFIRMED,0.3733133433283358,0.6266866566716641,0.0,CONFIRMED
11869052,1,K00120.01,CANDIDATE,0.7802308410092722,0.02638975533728166,0.19337940365344622,CANDIDATE
3247396,1,K00121.01,FALSE POSITIVE,0.04063827330585518,0.006309346585084138,0.9530523801090607,FALSE POSITIVE
8349582,1,K00122.01,CONFIRMED,0.19350315494274364,0.8064968450572564,0.0,CONFIRMED
5094751,1,K00123.01,CONFIRMED,0.06629555997349237,0.9337044400265077,0.0,CONFIRMED
5094751,2,K00123.02,CONFIRMED,0.004352458726345546,0.9956475412736545,0.0,CONFIRMED
11086270,1,K00124.01,CONFIRMED,0.4717148430572796,0.5282851569427203,0.0,CONFIRMED
11086270,2,K00124.02,CONFIRMED,0.06629555997349237,0.9337044400265077,0.0,CONFIRMED
11449844,1,K00125.01,CONFIRMED,0.06438860990667901,0.7878999678388204,0.14771142225450046,CONFIRMED
5897826,1,K00126.01,FALSE POSITIVE,0.050295751926868616,0.4881161498476429,0.46158809822548846,CONFIRMED
5897826,2,K00126.02,CANDIDATE,0.581174753739511,0.07442539219263042,0.3443998540678584,CANDIDATE
8359498,1,K00127.01,CONFIRMED,0.004352458726345546,0.9956475412736545,0.0,CONFIRMED
11359879,1,K00128.01,CONFIRMED,0.004352458726345546,0.9956475412736545,0.0,CONFIRMED
11974540,1,K00129.01,CONFIRMED,0.16819371727748691,0.6727748691099477,0.15903141361256545,CONFIRMED
5297298,1,K00130.01,CANDIDATE,0.0665212372395584,0.00176174905810957,0.9317170137023321,FALSE POSITIVE
7778437,1,K00131.01,CONFIRMED,0.32567717408522096,0.36638682084587365,0.30793600506890545,CONFIRMED
8892910,1,K00132.01,FALSE POSITIVE,0.4537949254224228,0.001651164070669822,0.5445539105069073,FALSE POSITIVE
11673674,1,K00133.01,FALSE POSITIVE,0.006978521614232065,0.0030018787133789843,0.9900195996723891,FALSE POSITIVE
9032900,1,K00134.01,FALSE POSITIVE,0.41824222915488096,0.0016739834520450058,0.5800837873930741,FALSE POSITIVE
9818381,1,K00135.01,CONFIRMED,0.004352458726345546,0.9956475412736545,0.0,CONFIRMED
7601633,1,K00136.01,FALSE POSITIVE,0.0665212372395584,0.00176174905810957,0.9317170137023321,FALSE POSITIVE
8644288,1,K00137.01,CONFIRMED,0.004352458726345546,0.9956475412736545,0.0,CONFIRMED
8644288,2,K00137.02,CONFIRMED,0.004352458726345546,0.9956475412736545,0.0,CONFIRMED
8644288,3,K00137.03,CONFIRMED,0.06629555997349237,0.9337044400265077,0.0,CONFIRMED
8506766,1,K00138.01,FALSE POSITIVE,0.04218519250671535,0.0028954498412735326,0.9549193576520111,FALSE POSITIVE
8559644,1,K00139.01,CONFIRMED,0.4588405550353282,0.5112794756107942,0.02987996935387759,CONFIRMED
8559644,2,K00139.02,CONFIRMED,0.06438860990667901,0.7878999678388204,0.14771142225450046,CONFIRMED
5130369,1,K00140.01,FALSE POSITIVE,0.004203895592920369,0.0018083464365746,0.9939877579705051,FALSE POSITIVE
12105051,1,K00141.01,CANDIDATE,0.2333333333333333,0.7666666666666667,0.0,CONFIRMED
4649305,1,K00143.01,CANDIDATE,0.022980660308505804,0.006336231443085962,0.9706831082484082,FALSE POSITIVE
4180280,1,K00144.01,CONFIRMED,0.372972972972973,0.6270270270270271,0.0,CONFIRMED
9904059,1,K00145.01,CANDIDATE,0.5441769089397617,0.3209494093218665,0.13487368173837191,CANDIDATE
9048161,1,K00146.01,FALSE POSITIVE,0.004209218635916199,0.001810636195114144,0.9939801451689697,FALSE POSITIVE
1996679,1,K00147.01,FALSE POSITIVE,0.004209218635916199,0.001810636195114144,0.9939801451689697,FALSE POSITIVE
5735762,1,K00148.01,CONFIRMED,0.004352458726345546,0.9956475412736545,0.0,CONFIRMED
5735762,2,K00148.02,CONFIRMED,0.004352458726345546,0.9956475412736545,0.0,CONFIRMED
5735762,3,K00148.03,CONFIRMED,0.004352458726345546,0.9956475412736545,0.0,CONFIRMED
3835670,1,K00149.01,CONFIRMED,0.06389312184373912,0.8998685820967078,0.036238296059553116,CONFIRMED
7626506,1,K00150.01,CONFIRMED,0.06629555997349237,0.9337044400265077,0.0,CONFIRMED
7626506,2,K00150.02,CONFIRMED,0.06629555997349237,0.9337044400265077,0.0,CONFIRMED
2307199,1,K00151.01,CANDIDATE,0.1272612743022458,0.002546768982397884,0.8701919567153563,FALSE POSITIVE
8394721,1,K00152.01,CONFIRMED,0.06629555997349237,0.9337044400265077,0.0,CONFIRMED
8394721,2,K00152.02,CONFIRMED,0.004352458726345546,0.9956475412736545,0.0,CONFIRMED
8394721,3,K00152.03,CONFIRMED,0.08383961117861484,0.9161603888213852,0.0,CONFIRMED
8394721,4,K00152.04,CONFIRMED,0.19350315494274364,0.8064968450572564,0.0,CONFIRMED
12252424,1,K00153.01,CONFIRMED,0.06629555997349237,0.9337044400265077,0.0,CONFIRMED
12252424,2,K00153.02,CONFIRMED,0.004352458726345546,0.9956475412736545,0.0,CONFIRMED
8030148,1,K00155.01,CONFIRMED,0.004352458726345546,0.9956475412736545,0.0,CONFIRMED
10925104,1,K00156.01,CONFIRMED,0.004352458726345546,0.9956475412736545,0.0,CONFIRMED
10925104,2,K00156.02,CONFIRMED,0.06629555997349237,0.9337044400265077,0.0,CONFIRMED
10925104,3,K00156.03,CONFIRMED,0.004352458726345546,0.9956475412736545,0.0,CONFIRMED
6541920,1,K00157.01,CONFIRMED,0.004352458726345546,0.9956475412736545,0.0,CONFIRMED
6541920,2,K00157.02,CONFIRMED,0.004352458726345546,0.9956475412736545,0.0,CONFIRMED
6541920,3,K00157.03,CONFIRMED,0.004352458726345546,0.9956475412736545,0.0,CONFIRMED
6541920,4,K00157.04,CONFIRMED,0.004352458726345546,0.9956475412736545,0.0,CONFIRMED
6541920,5,K00157.05,CONFIRMED,0.004352458726345546,0.9956475412736545,0.0,CONFIRMED
6541920,6,K00157.06,CONFIRMED,0.004352458726345546,0.9956475412736545,0.0,CONFIRMED
10555375,1,K00158.01,FALSE POSITIVE,0.004209218635916199,0.001810636195114144,0.9939801451689697,FALSE POSITIVE
8972058,1,K00159.01,CONFIRMED,0.004352458726345546,0.9956475412736545,0.0,CONFIRMED
8972058,2,K00159.02,CONFIRMED,0.36488862644866027,0.46937059094951633,0.16574078260182337,CONFIRMED
6631721,1,K00160.01,CANDIDATE,0.10244946173521924,0.0027132724856855526,0.8948372657790952,FALSE POSITIVE
5084942,1,K00161.01,CONFIRMED,0.30849478390462,0.6915052160953801,0.0,CONFIRMED
8107380,1,K00162.01,CONFIRMED,0.004352458726345546,0.9956475412736545,0.0,CONFIRMED
6851425,1,K00163.01,CONFIRMED,0.004352458726345546,0.9956475412736545,0.0,CONFIRMED
5652237,1,K00164.01,FALSE POSITIVE,0.004209218635916199,0.001810636195114144,0.9939801451689697,FALSE POSITIVE
9527915,1,K00165.01,CONFIRMED,0.004352458726345546,0.9956475412736545,0.0,CONFIRMED
2441495,1,K00166.01,CONFIRMED,0.004352458726345546,0.9956475412736545,0.0,CONFIRMED
11666881,1,K00167.01,CONFIRMED,0.004352458726345546,0.9956475412736545,0.0,CONFIRMED
11512246,1,K00168.01,CONFIRMED,0.004352458726345546,0.9956475412736545,0.0,CONFIRMED
11512246,2,K00168.02,CONFIRMED,0.004352458726345546,0.9956475412736545,0.0,CONFIRMED
11512246,3,K00168.03,CONFIRMED,0.004352458726345546,0.9956475412736545,0.0,CONFIRMED
6185711,1,K00169.01,FALSE POSITIVE,0.004209218635916199,0.001810636195114144,0.9939801451689697,FALSE POSITIVE
11044770,1,K00170.01,FALSE POSITIVE,0.004209218635916199,0.001810636195114144,0.9939801451689697,FALSE POSITIVE
7831264,1,K00171.01,CONFIRMED,0.004352458726345546,0.9956475412736545,0.0,CONFIRMED
7831264,2,K00171.02,CONFIRMED,0.06629555997349237,0.9337044400265077,0.0,CONFIRMED
8692861,1,K00172.01,CONFIRMED,0.19350315494274364,0.8064968450572564,0.0,CONFIRMED
8692861,2,K00172.02,CONFIRMED,0.2723053120165034,0.6750902527075813,0.05260443527591542,CONFIRMED
11402995,1,K00173.01,CONFIRMED,0.06629555997349237,0.9337044400265077,0.0,CONFIRMED
10810838,1,K00174.01,CONFIRMED,0.06629555997349237,0.9337044400265077,0.0,CONFIRMED
8323753,1,K00175.01,FALSE POSITIVE,0.004209218635916199,0.001810636195114144,0.9939801451689697,FALSE POSITIVE
6442377,1,K00176.01,CONFIRMED,0.06629555997349237,0.9337044400265077,0.0,CONFIRMED
6803202,1,K00177.01,CANDIDATE,0.19350315494274364,0.8064968450572564,0.0,CONFIRMED
11455491,1,K00178.01,FALSE POSITIVE,0.004209218635916199,0.001810636195114144,0.9939801451689697,FALSE POSITIVE
9663113,1,K00179.01,CONFIRMED,0.004352458726345546,0.9956475412736545,0.0,CONFIRMED
9663113,2,K00179.02,CONFIRMED,0.22556472318514975,0.24836597649866185,0.5260693003161884,FALSE POSITIVE
9573539,1,K00180.01,CONFIRMED,0.06629555997349237,0.9337044400265077,0.0,CONFIRMED
12504988,1,K00181.01,FALSE POSITIVE,0.004209218635916199,0.001810636195114144,0.9939801451689697,FALSE POSITIVE
5376836,1,K00182.01,CANDIDATE,0.10244946173521924,0.0027132724856855526,0.8948372657790952,FALSE POSITIVE
9651668,1,K00183.01,CONFIRMED,0.004352458726345546,0.9956475412736545,0.0,CONFIRMED
7972785,1,K00184.01,FALSE POSITIVE,0.10244946173521924,0.0027132724856855526,0.8948372657790952,FALSE POSITIVE
4178389,1,K00185.01,FALSE POSITIVE,0.10244946173521924,0.0027132724856855526,0.8948372657790952,FALSE POSITIVE
12019440,1,K00186.01,CONFIRMED,0.003745095405159865,0.8567100267745645,0.13954487782027575,CONFIRMED
7023960,1,K00187.01,FALSE POSITIVE,0.10244946173521924,0.0027132724856855526,0.8948372657790952,FALSE POSITIVE
5357901,1,K00188.01,CONFIRMED,0.004352458726345546,0.9956475412736545,0.0,CONFIRMED
11391018,1,K00189.01,CONFIRMED,0.06438860990667901,0.7878999678388204,0.14771142225450046,CONFIRMED
5771719,1,K00190.01,FALSE POSITIVE,0.44070335909162595,0.0036271881406718188,0.5556694527677023,FALSE POSITIVE
5972334,1,K00191.01,CONFIRMED,0.004352458726345546,0.9956475412736545,0.0,CONFIRMED
5972334,2,K00191.02,CANDIDATE,0.06629555997349237,0.9337044400265077,0.0,CONFIRMED
5972334,3,K00191.03,CANDIDATE,0.341146362269976,0.658853637730024,0.0,CONFIRMED
5972334,4,K00191.04,CONFIRMED,0.06629555997349237,0.9337044400265077,0.0,CONFIRMED
7950644,1,K00192.01,CONFIRMED,0.1430819132455461,0.7216305189775368,0.1352875677769171,CONFIRMED
10799735,1,K00193.01,FALSE POSITIVE,0.10244946173521924,0.0027132724856855526,0.8948372657790952,FALSE POSITIVE
10904857,1,K00194.01,CONFIRMED,0.10244946173521924,0.0027132724856855526,0.8948372657790952,FALSE POSITIVE
11502867,1,K00195.01,CONFIRMED,0.06629555997349237,0.9337044400265077,0.0,CONFIRMED
9410930,1,K00196.01,CONFIRMED,0.0037162723367901466,0.4811884477562353,0.5150952799069745,FALSE POSITIVE
2987027,1,K00197.01,CONFIRMED,0.06629555997349237,0.9337044400265077,0.0,CONFIRMED
10666242,1,K00198.01,FALSE POSITIVE,0.2752027545580884,0.0030200576631888992,0.7217771877787227,FALSE POSITIVE
10019708,1,K00199.01,CONFIRMED,0.004184672695500369,0.9572656152004964,0.038549712104003396,CONFIRMED
10019708,2,K00199.02,FALSE POSITIVE,0.004209218635916199,0.001810636195114144,0.9939801451689697,FALSE POSITIVE
6046540,1,K00200.01,CONFIRMED,0.005961529704982031,0.7719076980969327,0.22213077219808533,CONFIRMED
6849046,1,K00201.01,CONFIRMED,0.004184672695500369,0.9572656152004964,0.038549712104003396,CONFIRMED
7877496,1,K00202.01,CONFIRMED,0.06629555997349237,0.9337044400265077,0.0,CONFIRMED
10619192,1,K00203.01,CONFIRMED,0.003745095405159865,0.8567100267745645,0.13954487782027575,CONFIRMED
9305831,1,K00204.01,CONFIRMED,0.06629555997349237,0.9337044400265077,0.0,CONFIRMED
7046804,1,K00205.01,CONFIRMED,0.10483204999442026,0.8357103001897109,0.059457649815868756,CONFIRMED
5728139,1,K00206.01,CONFIRMED,0.06438860990667901,0.7878999678388204,0.14771142225450046,CONFIRMED
3762468,1,K00208.01,CONFIRMED,0.06438860990667901,0.7878999678388204,0.14771142225450046,CONFIRMED
10723750,1,K00209.01,CONFIRMED,0.06629555997349237,0.9337044400265077,0.0,CONFIRMED
10723750,2,K00209.02,CONFIRMED,0.06629555997349237,0.9337044400265077,0.0,CONFIRMED
10602291,1,K00210.01,FALSE POSITIVE,0.04218519250671535,0.0028954498412735326,0.9549193576520111,FALSE POSITIVE
10656508,1,K00211.01,CANDIDATE,0.7254191095446784,0.22734116736623403,0.04723972308908759,CANDIDATE
6300348,1,K00212.01,CANDIDATE,0.6000831073195122,0.24185720374032615,0.15805968894016167,CANDIDATE
9164836,1,K00213.01,FALSE POSITIVE,0.004209218635916199,0.001810636195114144,0.9939801451689697,FALSE POSITIVE
11046458,1,K00214.01,CONFIRMED,0.4064516129032258,0.5935483870967743,0.0,CONFIRMED
12508335,1,K00215.01,FALSE POSITIVE,0.04218519250671535,0.0028954498412735326,0.9549193576520111,FALSE POSITIVE
6152974,1,K00216.01,CONFIRMED,0.004352458726345546,0.9956475412736545,0.0,CONFIRMED
6152974,2,K00216.02,CONFIRMED,0.7250319870603288,0.27496801293967116,0.0,CANDIDATE
9595827,1,K00217.01,CONFIRMED,0.004352458726345546,0.9956475412736545,0.0,CONFIRMED
9838975,1,K00218.01,FALSE POSITIVE,0.006978521614232065,0.0030018787133789843,0.9900195996723891,FALSE POSITIVE
6305192,1,K00219.01,CONFIRMED,0.003745095405159865,0.8567100267745645,0.13954487782027575,CONFIRMED
7132798,1,K00220.01,CONFIRMED,0.06629555997349237,0.9337044400265077,0.0,CONFIRMED
7132798,2,K00220.02,CONFIRMED,0.45630618802905837,0.4305987971541818,0.11309501481675982,CANDIDATE
3937519,1,K00221.01,CONFIRMED,0.004184672695500369,0.9572656152004964,0.038549712104003396,CONFIRMED
3937519,2,K00221.02,CANDIDATE,0.36488862644866027,0.46937059094951633,0.16574078260182337,CONFIRMED
4249725,1,K00222.01,CONFIRMED,0.06629555997349237,0.9337044400265077,0.0,CONFIRMED
4249725,2,K00222.02,CONFIRMED,0.06629555997349237,0.9337044400265077,0.0,CONFIRMED
4545187,1,K00223.01,CONFIRMED,0.08383961117861484,0.9161603888213852,0.0,CONFIRMED
4545187,2,K00223.02,CONFIRMED,0.06629555997349237,0.9337044400265077,0.0,CONFIRMED
5547480,1,K00224.01,FALSE POSITIVE,0.004209218635916199,0.001810636195114144,0.9939801451689697,FALSE POSITIVE
5801571,1,K00225.01,FALSE POSITIVE,0.4340503246753246,0.018668831168831168,0.5472808441558441,FALSE POSITIVE
5959753,1,K00226.01,CONFIRMED,0.19350315494274364,0.8064968450572564,0.0,CONFIRMED
3847907,1,K00229.01,CONFIRMED,0.04289117413971908,0.524843676144474,0.4322651497158069,CONFIRMED
3862246,1,K00230.01,FALSE POSITIVE,0.025291732594936712,0.020520174050632913,0.9541880933544304,FALSE POSITIVE
4043443,1,K00231.01,FALSE POSITIVE,0.06229508196721312,0.2524590163934426,0.6852459016393443,FALSE POSITIVE
4833421,1,K00232.01,CONFIRMED,0.004352458726345546,0.9956475412736545,0.0,CONFIRMED
4833421,2,K00232.02,CONFIRMED,0.004352458726345546,0.9956475412736545,0.0,CONFIRMED
4833421,3,K00232.03,CONFIRMED,0.004352458726345546,0.9956475412736545,0.0,CONFIRMED
4833421,4,K00232.04,CONFIRMED,0.06629555997349237,0.9337044400265077,0.0,CONFIRMED
4833421,5,K00232.05,CONFIRMED,0.06629555997349237,0.9337044400265077,0.0,CONFIRMED
5023956,1,K00233.01,FALSE POSITIVE,0.004209218635916199,0.001810636195114144,0.9939801451689697,FALSE POSITIVE
8491277,1,K00234.01,CONFIRMED,0.004352458726345546,0.9956475412736545,0.0,CONFIRMED
8107225,1,K00235.01,CONFIRMED,0.02925458693782668,0.9277442787792993,0.04300113428287393,CONFIRMED
8453211,1,K00236.01,FALSE POSITIVE,0.014628684261221344,0.0067123386630707,0.9786589770757079,FALSE POSITIVE
8041216,1,K00237.01,CONFIRMED,0.06629555997349237,0.9337044400265077,0.0,CONFIRMED
7219825,1,K00238.01,CONFIRMED,0.06629555997349237,0.9337044400265077,0.0,CONFIRMED
7219825,2,K00238.02,CONFIRMED,0.30369428282443894,0.1698629039526523,0.5264428132229088,FALSE POSITIVE
7219825,3,K00238.03,CANDIDATE,0.431392561434313,0.4603396556376201,0.10826778292806687,CONFIRMED
6383785,1,K00239.01,CONFIRMED,0.06629555997349237,0.9337044400265077,0.0,CONFIRMED
6383785,2,K00239.02,CANDIDATE,0.3052524395213886,0.5624616054136518,0.13228595506495971,CONFIRMED
8026752,1,K00240.01,CONFIRMED,0.004352458726345546,0.9956475412736545,0.0,CONFIRMED
11288051,1,K00241.01,CONFIRMED,0.004352458726345546,0.9956475412736545,0.0,CONFIRMED
11288051,2,K00241.02,CONFIRMED,0.06629555997349237,0.9337044400265077,0.0,CONFIRMED
11288051,3,K00241.03,CONFIRMED,0.19350315494274364,0.8064968450572564,0.0,CONFIRMED
3642741,1,K00242.01,FALSE POSITIVE,0.004184672695500369,0.9572656152004964,0.038549712104003396,CONFIRMED
9592579,1,K00243.01,FALSE POSITIVE,0.004209218635916199,0.001810636195114144,0.9939801451689697,FALSE POSITIVE
4349452,1,K00244.01,CONFIRMED,0.06629555997349237,0.9337044400265077,0.0,CONFIRMED
4349452,2,K00244.02,CONFIRMED,0.06629555997349237,0.9337044400265077,0.0,CONFIRMED
8478994,1,K00245.01,CONFIRMED,0.006071929005137786,0.9939280709948622,0.0,CONFIRMED
8478994,2,K00245.02,CONFIRMED,0.09158217121108501,0.5105706045017989,0.39784722428711605,CONFIRMED
11295426,1,K00246.01,CONFIRMED,0.004352458726345546,0.9956475412736545,0.0,CONFIRMED
11295426,2,K00246.02,CONFIRMED,0.6939151005388355,0.172033118675253,0.1340517807859114,CANDIDATE
11852982,1,K00247.01,CANDIDATE,0.06629555997349237,0.9337044400265077,0.0,CONFIRMED
5364071,1,K00248.01,CONFIRMED,0.004352458726345546,0.9956475412736545,0.0,CONFIRMED
5364071,2,K00248.02,CONFIRMED,0.004184672695500369,0.9572656152004964,0.038549712104003396,CONFIRMED
5364071,3,K00248.03,CONFIRMED,0.004352458726345546,0.9956475412736545,0.0,CONFIRMED
5364071,4,K00248.04,CONFIRMED,0.06629555997349237,0.9337044400265077,0.0,CONFIRMED
9390653,1,K00249.01,CONFIRMED,0.05034324942791762,0.9496567505720823,0.0,CONFIRMED
9757613,1,K00250.01,CONFIRMED,0.004352458726345546,0.9956475412736545,0.0,CONFIRMED
9757613,2,K00250.02,CONFIRMED,0.004352458726345546,0.9956475412736545,0.0,CONFIRMED
9757613,3,K00250.03,CONFIRMED,0.004352458726345546,0.9956475412736545,0.0,CONFIRMED
9757613,4,K00250.04,CONFIRMED,0.004352458726345546,0.9956475412736545,0.0,CONFIRMED
10489206,1,K00251.01,CONFIRMED,0.06629555997349237,0.9337044400265077,0.0,CONFIRMED
10489206,2,K00251.02,CONFIRMED,0.5671589708767165,0.39808736985061116,0.0347536592726724,CANDIDATE
11187837,1,K00252.01,CANDIDATE,0.06629555997349237,0.9337044400265077,0.0,CONFIRMED
11752906,1,K00253.01,CANDIDATE,0.06629555997349237,0.9337044400265077,0.0,CONFIRMED
11752906,2,K00253.02,CANDIDATE,0.5573722627737226,0.4426277372262774,0.0,CANDIDATE
5794240,1,K00254.01,CONFIRMED,0.06389312184373912,0.8998685820967078,0.036238296059553116,CONFIRMED
7021681,1,K00255.01,CONFIRMED,0.06629555997349237,0.9337044400265077,0.0,CONFIRMED
7021681,2,K00255.02,CANDIDATE,0.5516402581346591,0.05140684972535918,0.3969528921399817,CANDIDATE
7021681,3,K00255.03,FALSE POSITIVE,0.526423217813968,0.005366833404999973,0.46820994878103217,CANDIDATE
11548140,1,K00256.01,FALSE POSITIVE,0.22453406961838082,0.5033034217532787,0.2721625086283404,CONFIRMED
5514383,1,K00257.01,CONFIRMED,0.04485373781148429,0.9551462621885157,0.0,CONFIRMED
11231334,1,K00258.01,FALSE POSITIVE,0.0146836732513161,0.002978586235636892,0.982337740513047,FALSE POSITIVE
5790807,1,K00259.01,FALSE POSITIVE,0.2668042401107554,0.0022164321641150084,0.7309793277251296,FALSE POSITIVE
8292840,1,K00260.01,CONFIRMED,0.28742514970059885,0.7125748502994013,0.0,CONFIRMED
8292840,2,K00260.02,CONFIRMED,0.09026750142287991,0.90973249857712,0.0,CONFIRMED
8292840,3,K00260.03,CONFIRMED,0.09026750142287991,0.90973249857712,0.0,CONFIRMED
5383248,1,K00261.01,CONFIRMED,0.28742514970059885,0.7125748502994013,0.0,CONFIRMED
11807274,1,K00262.01,CONFIRMED,0.06629555997349237,0.9337044400265077,0.0,CONFIRMED
11807274,2,K00262.02,CONFIRMED,0.2691588785046729,0.7308411214953272,0.0,CONFIRMED
10514430,1,K00263.01,FALSE POSITIVE,0.5224632148090059,0.001114390077800937,0.4764223951131932,CANDIDATE
3097346,1,K00264.01,FALSE POSITIVE,0.004209218635916199,0.001810636195114144,0.9939801451689697,FALSE POSITIVE
12024120,1,K00265.01,CONFIRMED,0.004352458726345546,0.9956475412736545,0.0,CONFIRMED
7375348,1,K00266.01,CONFIRMED,0.004352458726345546,0.9956475412736545,0.0,CONFIRMED
7375348,2,K00266.02,CANDIDATE,0.06629555997349237,0.9337044400265077,0.0,CONFIRMED
3425851,1,K00268.01,CANDIDATE,0.8489638682252922,0.0,0.15103613177470776,CANDIDATE
7670943,1,K00269.01,CANDIDATE,0.06629555997349237,0.9337044400265077,0.0,CONFIRMED
6528464,1,K00270.01,CONFIRMED,0.06629555997349237,0.9337044400265077,0.0,CONFIRMED
6528464,2,K00270.02,CONFIRMED,0.06629555997349237,0.9337044400265077,0.0,CONFIRMED
9451706,1,K00271.01,CONFIRMED,0.004352458726345546,0.9956475412736545,0.0,CONFIRMED
9451706,2,K00271.02,CONFIRMED,0.004352458726345546,0.9956475412736545,0.0,CONFIRMED
9451706,3,K00271.03,CONFIRMED,0.004352458726345546,0.9956475412736545,0.0,CONFIRMED
5716763,1,K00272.01,FALSE POSITIVE,0.03137368386467374,0.23284790707313743,0.7357784090621888,FALSE POSITIVE
3102384,1,K00273.01,CONFIRMED,0.06629555997349237,0.9337044400265077,0.0,CONFIRMED
8077137,1,K00274.01,CONFIRMED,0.07244378667671648,0.8864682321210752,0.041087981202208364,CONFIRMED
8077137,2,K00274.02,CONFIRMED,0.4696708682928971,0.5011864948577601,0.02914263684934282,CONFIRMED
10586004,1,K00275.01,CONFIRMED,0.06629555997349237,0.9337044400265077,0.0,CONFIRMED
10586004,2,K00275.02,CONFIRMED,0.06629555997349237,0.9337044400265077,0.0,CONFIRMED
11133306,1,K00276.01,CONFIRMED,0.19350315494274364,0.8064968450572564,0.0,CONFIRMED
11401755,1,K00277.01,CONFIRMED,0.06629555997349237,0.9337044400265077,0.0,CONFIRMED
11401755,2,K00277.02,CONFIRMED,0.19593798337551552,0.6509616419684701,0.15310037465601442,CONFIRMED
12314973,1,K00279.01,CONFIRMED,0.004352458726345546,0.9956475412736545,0.0,CONFIRMED
12314973,2,K00279.02,CONFIRMED,0.004352458726345546,0.9956475412736545,0.0,CONFIRMED
12314973,3,K00279.03,CONFIRMED,0.4837691777592398,0.5162308222407602,0.0,CONFIRMED
4141376,1,K00280.01,CONFIRMED,0.372972972972973,0.6270270270270271,0.0,CONFIRMED
4143755,1,K00281.01,CONFIRMED,0.06629555997349237,0.9337044400265077,0.0,CONFIRMED
5088536,1,K00282.01,CONFIRMED,0.004352458726345546,0.9956475412736545,0.0,CONFIRMED
5088536,2,K00282.02,CONFIRMED,0.004352458726345546,0.9956475412736545,0.0,CONFIRMED
5088536,3,K00282.03,CONFIRMED,0.18653040744647084,0.7774353092968247,0.036034283256704595,CONFIRMED
5695396,1,K00283.01,CONFIRMED,0.004352458726345546,0.9956475412736545,0.0,CONFIRMED
5695396,2,K00283.02,CONFIRMED,0.1130472454210691,0.8228356879828636,0.0641170665960673,CONFIRMED
6021275,1,K00284.01,CONFIRMED,0.004352458726345546,0.9956475412736545,0.0,CONFIRMED
6021275,2,K00284.02,CONFIRMED,0.004352458726345546,0.9956475412736545,0.0,CONFIRMED
6021275,3,K00284.03,CONFIRMED,0.004352458726345546,0.9956475412736545,0.0,CONFIRMED
6021275,4,K00284.04,CONFIRMED,0.838095238095238,0.0,0.16190476190476188,CANDIDATE
6196457,1,K00285.01,CONFIRMED,0.004352458726345546,0.9956475412736545,0.0,CONFIRMED
6196457,2,K00285.02,CONFIRMED,0.004352458726345546,0.9956475412736545,0.0,CONFIRMED
6196457,3,K00285.03,CONFIRMED,0.004352458726345546,0.9956475412736545,0.0,CONFIRMED
8258171,1,K00286.01,FALSE POSITIVE,0.004203895592920369,0.0018083464365746,0.9939877579705051,FALSE POSITIVE
8703887,1,K00287.01,FALSE POSITIVE,0.07390143412322905,0.0017478204553098443,0.9243507454214611,FALSE POSITIVE
9592705,1,K00288.01,CANDIDATE,0.8013355592654424,0.1986644407345576,0.0,CANDIDATE
10386922,1,K00289.01,CANDIDATE,0.8608053811535571,0.0035424089759405644,0.1356522098705022,CANDIDATE
10386922,2,K00289.02,CONFIRMED,0.004352458726345546,0.9956475412736545,0.0,CONFIRMED
10488450,1,K00290.01,FALSE POSITIVE,0.004209218635916199,0.001810636195114144,0.9939801451689697,FALSE POSITIVE
10933561,1,K00291.01,CONFIRMED,0.06629555997349237,0.9337044400265077,0.0,CONFIRMED
10933561,2,K00291.02,CONFIRMED,0.49895481506677813,0.3030164256460181,0.1980287592872038,CANDIDATE
11075737,1,K00292.01,CONFIRMED,0.06629555997349237,0.9337044400265077,0.0,CONFIRMED
11200415,1,K00293.01,FALSE POSITIVE,0.004209218635916199,0.001810636195114144,0.9939801451689697,FALSE POSITIVE
11259686,1,K00294.01,CONFIRMED,0.06629555997349237,0.9337044400265077,0.0,CONFIRMED
11547513,1,K00295.01,CONFIRMED,0.004352458726345546,0.9956475412736545,0.0,CONFIRMED
11547513,2,K00295.02,CONFIRMED,0.341146362269976,0.658853637730024,0.0,CONFIRMED
11802615,1,K00296.01,CONFIRMED,0.004352458726345546,0.9956475412736545,0.0,CONFIRMED
11905011,1,K00297.01,CONFIRMED,0.004352458726345546,0.9956475412736545,0.0,CONFIRMED
12785320,1,K00298.01,CONFIRMED,0.004352458726345546,0.9956475412736545,0.0,CONFIRMED
12785320,2,K00298.02,CANDIDATE,0.06629555997349237,0.9337044400265077,0.0,CONFIRMED
2692377,1,K00299.01,CONFIRMED,0.030569092593338433,0.9694309074066615,0.0,CONFIRMED
3438975,1,K00300.01,FALSE POSITIVE,0.004209218635916199,0.001810636195114144,0.9939801451689697,FALSE POSITIVE
3642289,1,K00301.01,CONFIRMED,0.004184672695500369,0.9572656152004964,0.038549712104003396,CONFIRMED
3642289,2,K00301.02,CONFIRMED,0.8699465240641711,0.044705882352941165,0.08534759358288768,CANDIDATE
3662838,1,K00302.01,CONFIRMED,0.08383961117861484,0.9161603888213852,0.0,CONFIRMED
5966322,1,K00303.01,CONFIRMED,0.19350315494274364,0.8064968450572564,0.0,CONFIRMED
6029239,1,K00304.01,CONFIRMED,0.06629555997349237,0.9337044400265077,0.0,CONFIRMED
6029239,2,K00304.02,CANDIDATE,0.8036181613497472,0.04790710254685811,0.14847473610339484,CANDIDATE
6063220,1,K00305.01,CONFIRMED,0.06629555997349237,0.9337044400265077,0.0,CONFIRMED
6071903,1,K00306.01,CONFIRMED,0.004352458726345546,0.9956475412736545,0.0,CONFIRMED
6289257,1,K00307.01,CONFIRMED,0.3208583113899939,0.6791416886100061,0.0,CONFIRMED
6289257,2,K00307.02,CONFIRMED,0.004184672695500369,0.9572656152004964,0.038549712104003396,CONFIRMED
6291837,1,K00308.01,CANDIDATE,0.761386811692726,0.23861318830727396,0.0,CANDIDATE
7024222,1,K00309.01,FALSE POSITIVE,0.004209218635916199,0.001810636195114144,0.9939801451689697,FALSE POSITIVE
7050989,1,K00312.01,CONFIRMED,0.19350315494274364,0.8064968450572564,0.0,CONFIRMED
7050989,2,K00312.02,CONFIRMED,0.06629555997349237,0.9337044400265077,0.0,CONFIRMED
7419318,1,K00313.01,CONFIRMED,0.004352458726345546,0.9956475412736545,0.0,CONFIRMED
7419318,2,K00313.02,CONFIRMED,0.004352458726345546,0.9956475412736545,0.0,CONFIRMED
7603200,1,K00314.01,CONFIRMED,0.004352458726345546,0.9956475412736545,0.0,CONFIRMED
7603200,2,K00314.02,CONFIRMED,0.06629555997349237,0.9337044400265077,0.0,CONFIRMED
7603200,3,K00314.03,CONFIRMED,0.19350315494274364,0.8064968450572564,0.0,CONFIRMED
7700622,1,K00315.01,CANDIDATE,0.06629555997349237,0.9337044400265077,0.0,CONFIRMED
8008067,1,K00316.01,CONFIRMED,0.006071929005137786,0.9939280709948622,0.0,CONFIRMED
8008067,2,K00316.02,CONFIRMED,0.005750284833456203,0.941277394276523,0.052972320890020776,CONFIRMED
8008067,3,K00316.03,CANDIDATE,0.16783216783216784,0.8321678321678322,0.0,CONFIRMED
8121310,1,K00317.01,CONFIRMED,0.004352458726345546,0.9956475412736545,0.0,CONFIRMED
8121310,2,K00317.02,CANDIDATE,0.947083273401858,0.009655421677860022,0.04326130492028192,CANDIDATE
8156120,1,K00318.01,CONFIRMED,0.06629555997349237,0.9337044400265077,0.0,CONFIRMED
8684730,1,K00319.01,CANDIDATE,0.47727272727272724,0.5227272727272727,0.0,CONFIRMED
8700558,1,K00320.01,FALSE POSITIVE,0.04218519250671535,0.0028954498412735326,0.9549193576520111,FALSE POSITIVE
8753657,1,K00321.01,CONFIRMED,0.04295219180407829,0.9146534370646237,0.04239437113129805,CONFIRMED
8753657,2,K00321.02,CONFIRMED,0.19593798337551552,0.6509616419684701,0.15310037465601442,CONFIRMED
8948424,1,K00322.01,FALSE POSITIVE,0.02676104565066496,0.001836788237227955,0.9714021661121071,FALSE POSITIVE
9139084,1,K00323.01,CONFIRMED,0.030569092593338433,0.9694309074066615,0.0,CONFIRMED
9641041,1,K00324.01,FALSE POSITIVE,0.0,0.004166762059570962,0.9958332379404291,FALSE POSITIVE
9724984,1,K00325.01,FALSE POSITIVE,0.004209218635916199,0.001810636195114144,0.9939801451689697,FALSE POSITIVE
9880467,1,K00326.01,CANDIDATE,0.1329142881032089,0.4066622244831826,0.46042348741360856,FALSE POSITIVE
9880467,2,K00326.02,CANDIDATE,0.40852575488454707,0.11875158589190561,0.47272265922354734,FALSE POSITIVE
9881662,1,K00327.01,CONFIRMED,0.004352458726345546,0.9956475412736545,0.0,CONFIRMED
9881662,2,K00327.02,CONFIRMED,0.06629555997349237,0.9337044400265077,0.0,CONFIRMED
9895004,1,K00328.01,FALSE POSITIVE,0.03290487457792673,0.025334921984860096,0.9417602034372132,FALSE POSITIVE
10031885,1,K00329.01,FALSE POSITIVE,0.04218519250671535,0.0028954498412735326,0.9549193576520111,FALSE POSITIVE
11361646,1,K00330.01,CONFIRMED,0.004352458726345546,0.9956475412736545,0.0,CONFIRMED
11361646,2,K00330.02,CONFIRMED,0.5255228179448835,0.3841326155460209,0.09034456650909566,CANDIDATE
10285631,1,K00331.01,CONFIRMED,0.19350315494274364,0.8064968450572564,0.0,CONFIRMED
10285631,2,K00331.02,CANDIDATE,0.8847457627118644,0.1152542372881356,0.0,CANDIDATE
10290666,1,K00332.01,CONFIRMED,0.004352458726345546,0.9956475412736545,0.0,CONFIRMED
10290666,2,K00332.02,CANDIDATE,0.9047377059312315,0.053935269435993936,0.04132702463277457,CANDIDATE
10337258,1,K00333.01,CONFIRMED,0.19350315494274364,0.8064968450572564,0.0,CONFIRMED
10383687,1,K00334.01,FALSE POSITIVE,0.004209218635916199,0.001810636195114144,0.9939801451689697,FALSE POSITIVE
10470206,1,K00335.01,FALSE POSITIVE,0.6000831073195122,0.24185720374032615,0.15805968894016167,CANDIDATE
10518725,1,K00336.01,FALSE POSITIVE,0.0146836732513161,0.002978586235636892,0.982337740513047,FALSE POSITIVE
10545066,1,K00337.01,CONFIRMED,0.06629555997349237,0.9337044400265077,0.0,CONFIRMED
10552611,1,K00338.01,CONFIRMED,0.004352458726345546,0.9956475412736545,0.0,CONFIRMED
10552611,2,K00338.02,CONFIRMED,0.3208583113899939,0.6791416886100061,0.0,CONFIRMED
10587105,1,K00339.01,CONFIRMED,0.004352458726345546,0.9956475412736545,0.0,CONFIRMED
10587105,2,K00339.02,CONFIRMED,0.06629555997349237,0.9337044400265077,0.0,CONFIRMED
10587105,3,K00339.03,CANDIDATE,0.37213312640110363,0.6278668735988964,0.0,CONFIRMED
10616571,1,K00340.01,FALSE POSITIVE,0.13474070403053412,0.561582330446103,0.3036769655233629,CONFIRMED
10878263,1,K00341.01,CONFIRMED,0.004352458726345546,0.9956475412736545,0.0,CONFIRMED
