kepid,tce_plnt_num,kepoi_name,koi_disposition,CANDIDATE,CONFIRMED,FALSE POSITIVE,y_pred
11446443,1,K00001.01,CONFIRMED,0.039813928219700805,0.9556471658266423,0.004538905953657032,CONFIRMED
10666592,1,K00002.01,CONFIRMED,0.013226982363214367,0.9631460383344265,0.023626979302359095,CONFIRMED
10748390,1,K00003.01,CONFIRMED,0.0358919750608583,0.9289217666967798,0.035186258242361886,CONFIRMED
3861595,1,K00004.01,CONFIRMED,0.05571751782893277,0.8974165174076955,0.04686596476337183,CONFIRMED
8554498,1,K00005.01,CANDIDATE,0.9401919500441355,0.05725685211878089,0.002551197837083589,CANDIDATE
3248033,1,K00006.01,FALSE POSITIVE,0.0022310771765918723,0.005931479453946481,0.9918374433694616,FALSE POSITIVE
11853905,1,K00007.01,CONFIRMED,0.007856315182002997,0.9905669565653855,0.001576728252611544,CONFIRMED
5903312,1,K00008.01,FALSE POSITIVE,0.0037030446281500554,0.0010771899726057341,0.9952197653992443,FALSE POSITIVE
11553706,1,K00009.01,FALSE POSITIVE,0.007977122314817326,0.004119551003945951,0.9879033266812366,FALSE POSITIVE
6922244,1,K00010.01,CONFIRMED,0.035067962263099065,0.9619371093236325,0.0029949284132684403,CONFIRMED
11913073,1,K00011.01,FALSE POSITIVE,0.001572471576780737,0.009699708543510542,0.9887278198797087,FALSE POSITIVE
5812701,1,K00012.01,CONFIRMED,0.014199569709948024,0.974758128863233,0.011042301426819091,CONFIRMED
9941662,1,K00013.01,CONFIRMED,0.01437667692697632,0.9612468281825812,0.024376494890442493,CONFIRMED
7684873,1,K00014.01,FALSE POSITIVE,0.012318878393081023,0.010134645387591986,0.9775464762193269,FALSE POSITIVE
3964562,1,K00015.01,FALSE POSITIVE,0.0024116948162831845,0.0069665419124692535,0.9906217632712475,FALSE POSITIVE
9110357,1,K00016.01,FALSE POSITIVE,0.005992551769410048,0.005009258809215696,0.9889981894213743,FALSE POSITIVE
10874614,1,K00017.01,CONFIRMED,0.0033689483501651942,0.994896251266156,0.0017348003836788009,CONFIRMED
8191672,1,K00018.01,CONFIRMED,0.013949306171449457,0.9792743025894908,0.006776391239059733,CONFIRMED
7255336,1,K00019.01,FALSE POSITIVE,0.023924852281713087,0.0032127630733532115,0.9728623846449338,FALSE POSITIVE
11804465,1,K00020.01,CONFIRMED,0.008561515612581349,0.9576117109661069,0.03382677342131179,CONFIRMED
10125352,1,K00021.01,FALSE POSITIVE,0.004836531073727057,0.0036856516360241572,0.9914778172902489,FALSE POSITIVE
9631995,1,K00022.01,CONFIRMED,0.0044908046543943,0.992833662769677,0.0026755325759287097,CONFIRMED
9071386,1,K00023.01,FALSE POSITIVE,0.0072993393340134655,0.024010245889722188,0.9686904147762643,FALSE POSITIVE
4743513,1,K00024.01,FALSE POSITIVE,0.023807158132775643,0.003894054092596971,0.9722987877746274,FALSE POSITIVE
10593759,1,K00025.01,FALSE POSITIVE,0.01276086851013147,0.0031884442112848086,0.9840506872785836,FALSE POSITIVE
5021737,1,K00026.01,FALSE POSITIVE,0.0055005360811086305,0.0031244704903269278,0.9913749934285645,FALSE POSITIVE
3832716,1,K00027.01,FALSE POSITIVE,0.0028301698221269898,0.004230579581613959,0.992939250596259,FALSE POSITIVE
4247791,1,K00028.01,FALSE POSITIVE,0.0010714397090042342,0.0004083705032547573,0.998520189787741,FALSE POSITIVE
6956014,1,K00031.01,FALSE POSITIVE,0.007043718818355702,0.00431712533307142,0.9886391558485728,FALSE POSITIVE
5725087,1,K00033.01,FALSE POSITIVE,0.011768137745987797,0.0007115587342933406,0.9875203035197189,FALSE POSITIVE
6521045,1,K00041.01,CONFIRMED,0.021224955331804567,0.9772949943580227,0.0014800503101727517,CONFIRMED
6521045,2,K00041.02,CONFIRMED,0.01167098065285746,0.9869952791046418,0.0013337402425007859,CONFIRMED
6521045,3,K00041.03,CONFIRMED,0.005247023300470102,0.9934623717537756,0.0012906049457542801,CONFIRMED
8866102,1,K00042.01,CONFIRMED,0.05698402207172102,0.7853628197796271,0.15765315814865177,CONFIRMED
9025922,1,K00043.01,FALSE POSITIVE,0.0019023289196328863,0.00092983794077212,0.997167833139595,FALSE POSITIVE
8845026,1,K00044.01,FALSE POSITIVE,0.0016251895266882772,0.0020076009373556974,0.996367209535956,FALSE POSITIVE
3742855,1,K00045.01,FALSE POSITIVE,0.005612689395423958,0.0004080967097009979,0.9939792138948751,FALSE POSITIVE
10905239,1,K00046.01,CONFIRMED,0.004126514027148993,0.9924794202272219,0.003394065745629061,CONFIRMED
10905239,2,K00046.02,CONFIRMED,0.07793663697404993,0.9190024747253901,0.003060888300560109,CONFIRMED
7837302,1,K00048.01,FALSE POSITIVE,0.00209387740837736,0.0006541499941717744,0.9972519725974508,FALSE POSITIVE
9527334,1,K00049.01,CONFIRMED,0.011158393259353746,0.9868235481078376,0.0020180586328086493,CONFIRMED
6056992,1,K00051.01,FALSE POSITIVE,0.006425822283579994,0.0008519912841895603,0.9927221864322304,FALSE POSITIVE
3558981,1,K00052.01,FALSE POSITIVE,0.031049199093441365,0.0012791096466268595,0.9676716912599318,FALSE POSITIVE
2445975,1,K00053.01,FALSE POSITIVE,0.020526980230089663,0.005960075169356847,0.9735129446005535,FALSE POSITIVE
8248939,1,K00061.01,FALSE POSITIVE,0.004232618091726328,0.0006375507250292727,0.9951298311832445,FALSE POSITIVE
11554435,1,K00063.01,CONFIRMED,0.01740681938050875,0.9812477154657555,0.0013454651537357016,CONFIRMED
7051180,1,K00064.01,CANDIDATE,0.8446855407852298,0.1361790167248613,0.019135442489908838,CANDIDATE
10620329,1,K00066.01,FALSE POSITIVE,0.0263509703704006,0.0038871820960205347,0.9697618475335789,FALSE POSITIVE
8669092,1,K00068.01,FALSE POSITIVE,0.04184988432152202,0.0031189380448241027,0.9550311776336537,FALSE POSITIVE
3544595,1,K00069.01,CONFIRMED,0.03951757159162515,0.9518776274107599,0.008604800997614962,CONFIRMED
6850504,1,K00070.01,CONFIRMED,0.003043862051487615,0.9954800929756545,0.0014760449728580458,CONFIRMED
6850504,2,K00070.02,CONFIRMED,0.0028965089809878585,0.9952634314016414,0.0018400596173707982,CONFIRMED
6850504,3,K00070.03,CONFIRMED,0.0020576625828396767,0.9964938938399477,0.0014484435772127695,CONFIRMED
6850504,4,K00070.04,CONFIRMED,0.007611944832448533,0.9902734511121067,0.002114604055444658,CONFIRMED
6850504,5,K00070.05,CONFIRMED,0.028755577803190224,0.9692880804746461,0.0019563417221637965,CONFIRMED
11904151,1,K00072.01,CONFIRMED,0.010400621659644378,0.9869292798989205,0.0026700984414351515,CONFIRMED
11904151,2,K00072.02,CONFIRMED,0.01328332817966535,0.965541662194748,0.02117500962558669,CONFIRMED
6889235,1,K00074.01,FALSE POSITIVE,0.015316572287880276,0.019567047990694118,0.9651163797214256,FALSE POSITIVE
7199397,1,K00075.01,CANDIDATE,0.9720516120635146,0.0028614630552744034,0.02508692488121095,CANDIDATE
9955262,1,K00076.01,FALSE POSITIVE,0.09641195157012729,0.010268813564664803,0.893319234865208,FALSE POSITIVE
9552608,1,K00080.01,FALSE POSITIVE,0.01763727014459286,0.0024372443942787484,0.9799254854611283,FALSE POSITIVE
8823868,1,K00081.01,FALSE POSITIVE,0.012956091287595135,0.013478884821366824,0.973565023891038,FALSE POSITIVE
10187017,1,K00082.01,CONFIRMED,0.005940741816337799,0.9924318596025166,0.0016273985811455052,CONFIRMED
10187017,2,K00082.02,CONFIRMED,0.00526940153892969,0.9935136960333614,0.0012169024277089437,CONFIRMED
10187017,3,K00082.03,CONFIRMED,0.008619922221376005,0.9895744005145642,0.0018056772640597158,CONFIRMED
10187017,4,K00082.04,CONFIRMED,0.0360621100988009,0.9609844225211438,0.002953467380055292,CONFIRMED
10187017,5,K00082.05,CONFIRMED,0.027649581243079396,0.9690126319575905,0.0033377867993302614,CONFIRMED
10187017,6,K00082.06,CANDIDATE,0.9861094356682197,0.008106455780691902,0.005784108551088332,CANDIDATE
2571238,1,K00084.01,CONFIRMED,0.03699496778082502,0.9594860018099385,0.003519030409236563,CONFIRMED
5866724,1,K00085.01,CONFIRMED,0.1073068010552921,0.8878653319865636,0.004827866958144241,CONFIRMED
5866724,2,K00085.02,CONFIRMED,0.012639752914605602,0.9856334120317187,0.0017268350536757643,CONFIRMED
5866724,3,K00085.03,CONFIRMED,0.012555703903894454,0.9862513226404639,0.001192973455641666,CONFIRMED
10593626,1,K00087.01,CONFIRMED,0.039364391440011116,0.9513640638185545,0.009271544741434264,CONFIRMED
7700871,1,K00088.01,FALSE POSITIVE,0.004192038547848144,0.010307881941774323,0.9855000795103775,FALSE POSITIVE
8056665,1,K00089.01,CONFIRMED,0.04398164051600357,0.950672409505014,0.005345949978982427,CONFIRMED
8056665,2,K00089.02,CANDIDATE,0.9697321546381349,0.02422167163111224,0.006046173730752887,CANDIDATE
9210823,1,K00090.01,FALSE POSITIVE,0.002112407686078167,0.004471458917172529,0.9934161333967493,FALSE POSITIVE
7941200,1,K00092.01,CANDIDATE,0.9511795407743275,0.04641302360722499,0.002407435618447503,CANDIDATE
6462863,1,K00094.01,CONFIRMED,0.007901368494644422,0.9849361544809101,0.007162477024445414,CONFIRMED
6462863,2,K00094.02,CONFIRMED,0.01846666386647943,0.9792658922514248,0.0022674438820958305,CONFIRMED
6462863,3,K00094.03,CONFIRMED,0.006726988151927657,0.9923183989838029,0.0009546128642695325,CONFIRMED
6462863,4,K00094.04,CONFIRMED,0.01185687817411854,0.9859150152886057,0.002228106537275708,CONFIRMED
5780885,1,K00097.01,CONFIRMED,0.012574074885166481,0.9541083633170493,0.033317561797784195,CONFIRMED
10264660,1,K00098.01,CONFIRMED,0.010526885834187644,0.98307907656703,0.006394037598782475,CONFIRMED
4055765,1,K00100.01,CANDIDATE,0.8936143569846855,0.010881943588879827,0.09550369942643479,CANDIDATE
8456679,1,K00102.01,CANDIDATE,0.9561886833889565,0.03757206535053337,0.006239251260510093,CANDIDATE
8456679,2,K00102.02,FALSE POSITIVE,0.02515635297737497,0.01763301507449988,0.9572106319481252,FALSE POSITIVE
2444412,1,K00103.01,CANDIDATE,0.6661293070627298,0.32917522925741266,0.004695463679857577,CANDIDATE
10318874,1,K00104.01,CONFIRMED,0.03246468235376373,0.9642489525632875,0.0032863650829488777,CONFIRMED
8711794,1,K00105.01,CONFIRMED,0.012284205732278232,0.9864098539394448,0.0013059403282769844,CONFIRMED
10489525,1,K00106.01,FALSE POSITIVE,0.003833985978088693,0.00476034698961824,0.991405667032293,FALSE POSITIVE
11250587,1,K00107.01,CONFIRMED,0.003545812303510702,0.9954774708129933,0.0009767168834960498,CONFIRMED
4914423,1,K00108.01,CONFIRMED,0.009026092692889912,0.9891272658745588,0.0018466414325511676,CONFIRMED
4914423,2,K00108.02,CONFIRMED,0.023131960305386196,0.9742789827057932,0.0025890569888205512,CONFIRMED
4752451,1,K00109.01,FALSE POSITIVE,0.0015826049015141386,0.01654381122283251,0.9818735838756535,FALSE POSITIVE
9450647,1,K00110.01,CONFIRMED,0.011359286057829217,0.9876082306560229,0.0010324832861479593,CONFIRMED
6678383,1,K00111.01,CONFIRMED,0.0032608339770507084,0.993764395582111,0.0029747704408381844,CONFIRMED
6678383,2,K00111.02,CONFIRMED,0.006517729672440954,0.9916875936942633,0.0017946766332957971,CONFIRMED
6678383,3,K00111.03,CONFIRMED,0.011814340343106765,0.9868321996291415,0.0013534600277516958,CONFIRMED
10984090,1,K00112.01,CONFIRMED,0.012376174698861125,0.9853185964461898,0.002305228854948975,CONFIRMED
10984090,2,K00112.02,CONFIRMED,0.026959851500415386,0.9712001670829248,0.0018399814166596786,CONFIRMED
6721123,1,K00114.01,FALSE POSITIVE,0.0009121585276786998,0.0009397364512680132,0.9981481050210533,FALSE POSITIVE
9579641,1,K00115.01,CONFIRMED,0.014226697714028179,0.9844747659681711,0.001298536317800894,CONFIRMED
9579641,2,K00115.02,CONFIRMED,0.009424134508127464,0.989221787415405,0.0013540780764674674,CONFIRMED
9579641,3,K00115.03,CANDIDATE,0.9688969676149437,0.02629684544913084,0.004806186935925357,CANDIDATE
8395660,1,K00116.01,CONFIRMED,0.010456955826256054,0.9884959938309125,0.0010470503428315616,CONFIRMED
8395660,2,K00116.02,CONFIRMED,0.009898481210143757,0.9889097549398834,0.0011917638499729633,CONFIRMED
8395660,3,K00116.03,CONFIRMED,0.05452181865944945,0.9434123496361648,0.002065831704385685,CONFIRMED
8395660,4,K00116.04,CONFIRMED,0.040647386372230615,0.9560408888195437,0.0033117248082256416,CONFIRMED
10875245,1,K00117.01,CONFIRMED,0.008558766345638246,0.9903270826214201,0.0011141510329415079,CONFIRMED
10875245,2,K00117.02,CONFIRMED,0.00680301242505707,0.9908573204244691,0.0023396671504738956,CONFIRMED
10875245,3,K00117.03,CONFIRMED,0.014155103876098434,0.9836298064305489,0.0022150896933526257,CONFIRMED
10875245,4,K00117.04,CONFIRMED,0.0661802730017873,0.9257498994934777,0.008069827504734952,CONFIRMED
3531558,1,K00118.01,CONFIRMED,0.005471502520071117,0.9930699879333159,0.0014585095466130575,CONFIRMED
9471974,1,K00119.01,CONFIRMED,0.009188430840915819,0.9854233963200304,0.005388172839053704,CONFIRMED
9471974,2,K00119.02,CONFIRMED,0.033849852132666544,0.9633422077055823,0.002807940161750993,CONFIRMED
11869052,1,K00120.01,CANDIDATE,0.9544070925170237,0.02676343469191226,0.018829472791064016,CANDIDATE
3247396,1,K00121.01,FALSE POSITIVE,0.0049119984995933666,0.0010848029017541082,0.9940031985986526,FALSE POSITIVE
8349582,1,K00122.01,CONFIRMED,0.02924490682820192,0.9695299745778058,0.0012251185939922602,CONFIRMED
5094751,1,K00123.01,CONFIRMED,0.0061790709936737,0.9897251106635311,0.004095818342795166,CONFIRMED
5094751,2,K00123.02,CONFIRMED,0.008414294794035555,0.989666251710244,0.001919453495720342,CONFIRMED
11086270,1,K00124.01,CONFIRMED,0.012344449278273013,0.9827894434991357,0.004866107222591292,CONFIRMED
11086270,2,K00124.02,CONFIRMED,0.011424158960800021,0.987323450165728,0.0012523908734719757,CONFIRMED
11449844,1,K00125.01,CONFIRMED,0.003187328185751177,0.9738922265012658,0.02292044531298309,CONFIRMED
5897826,1,K00126.01,FALSE POSITIVE,0.0063201836807796445,0.006209545221491493,0.9874702710977289,FALSE POSITIVE
5897826,2,K00126.02,CANDIDATE,0.9556917613857463,0.020014384164909586,0.02429385444934409,CANDIDATE
8359498,1,K00127.01,CONFIRMED,0.006663736627838828,0.991683277502787,0.0016529858693742519,CONFIRMED
11359879,1,K00128.01,CONFIRMED,0.02149506724931898,0.977082798161675,0.0014221345890059773,CONFIRMED
11974540,1,K00129.01,CONFIRMED,0.017426660158849028,0.947734415486848,0.03483892435430309,CONFIRMED
5297298,1,K00130.01,CANDIDATE,0.8933316059810986,0.024529085731992514,0.082139308286909,CANDIDATE
7778437,1,K00131.01,CONFIRMED,0.011571371249813058,0.9792196538453636,0.009208974904823296,CONFIRMED
8892910,1,K00132.01,FALSE POSITIVE,0.010778495389959503,0.003649884158244394,0.985571620451796,FALSE POSITIVE
11673674,1,K00133.01,FALSE POSITIVE,0.014584213127996596,0.011163238557585272,0.9742525483144182,FALSE POSITIVE
9032900,1,K00134.01,FALSE POSITIVE,0.017025545948925008,0.004646830035249484,0.9783276240158254,FALSE POSITIVE
9818381,1,K00135.01,CONFIRMED,0.005583597948971826,0.9920940916571609,0.0023223103938672203,CONFIRMED
7601633,1,K00136.01,FALSE POSITIVE,0.011235867798288508,0.003687913693928561,0.9850762185077829,FALSE POSITIVE
8644288,1,K00137.01,CONFIRMED,0.0029746411096355785,0.9939468187220822,0.0030785401682822283,CONFIRMED
8644288,2,K00137.02,CONFIRMED,0.00353502947212734,0.9952966496425645,0.0011683208853082048,CONFIRMED
8644288,3,K00137.03,CONFIRMED,0.009275637408246449,0.9895904939394341,0.0011338686523193057,CONFIRMED
8506766,1,K00138.01,FALSE POSITIVE,0.017788798279286384,0.0032524652263657946,0.9789587364943477,FALSE POSITIVE
8559644,1,K00139.01,CONFIRMED,0.042740555079291115,0.9544681919084064,0.002791253012302577,CONFIRMED
8559644,2,K00139.02,CONFIRMED,0.02013287636115761,0.9782384578159214,0.001628665822920781,CONFIRMED
5130369,1,K00140.01,FALSE POSITIVE,0.016556411166401278,0.004594352567247673,0.978849236266351,FALSE POSITIVE
12105051,1,K00141.01,CANDIDATE,0.9208326993578362,0.07472587637452174,0.004441424267641969,CANDIDATE
4649305,1,K00143.01,CANDIDATE,0.9085664468123638,0.004969220245350311,0.08646433294228598,CANDIDATE
4180280,1,K00144.01,CONFIRMED,0.010386061260241447,0.9871785351241708,0.002435403615587929,CONFIRMED
9904059,1,K00145.01,CANDIDATE,0.9776114573309735,0.005400644132470108,0.01698789853655632,CANDIDATE
9048161,1,K00146.01,FALSE POSITIVE,0.0016471236966907775,0.005531372244072697,0.9928215040592366,FALSE POSITIVE
1996679,1,K00147.01,FALSE POSITIVE,0.007888886069211374,0.002805287258744566,0.9893058266720439,FALSE POSITIVE
5735762,1,K00148.01,CONFIRMED,0.0052664705988566774,0.9931063105715101,0.00162721882963317,CONFIRMED
5735762,2,K00148.02,CONFIRMED,0.004445851933289034,0.9940461586820668,0.0015079893846443445,CONFIRMED
5735762,3,K00148.03,CONFIRMED,0.004891669620091301,0.9939096681402287,0.0011986622396800422,CONFIRMED
3835670,1,K00149.01,CONFIRMED,0.007757089142742902,0.9889456711004081,0.0032972397568490066,CONFIRMED
7626506,1,K00150.01,CONFIRMED,0.013230513169217372,0.9846746784688792,0.002094808361903331,CONFIRMED
7626506,2,K00150.02,CONFIRMED,0.007281635784201147,0.9916317466680215,0.0010866175477774265,CONFIRMED
2307199,1,K00151.01,CANDIDATE,0.8721997286746174,0.006697684883228989,0.12110258644215359,CANDIDATE
8394721,1,K00152.01,CONFIRMED,0.0071731730985572706,0.991887050703375,0.0009397761980677142,CONFIRMED
8394721,2,K00152.02,CONFIRMED,0.006503310016499717,0.9898107917822656,0.003685898201234672,CONFIRMED
8394721,3,K00152.03,CONFIRMED,0.007106970813522312,0.9910683557704064,0.00182467341607121,CONFIRMED
8394721,4,K00152.04,CONFIRMED,0.03072147236661953,0.9661372080993155,0.0031413195340650978,CONFIRMED
12252424,1,K00153.01,CONFIRMED,0.00432886559040014,0.9932259704390162,0.0024451639705835543,CONFIRMED
12252424,2,K00153.02,CONFIRMED,0.0035226852726315903,0.9950158170361724,0.0014614976911961318,CONFIRMED
8030148,1,K00155.01,CONFIRMED,0.016204964453105482,0.9790887070994517,0.004706328447442723,CONFIRMED
10925104,1,K00156.01,CONFIRMED,0.012720087375950461,0.9860400399828352,0.0012398726412142156,CONFIRMED
10925104,2,K00156.02,CONFIRMED,0.014766981100683627,0.9816522578138556,0.003580761085460766,CONFIRMED
10925104,3,K00156.03,CONFIRMED,0.005633624482473257,0.9925114943256994,0.0018548811918274659,CONFIRMED
6541920,1,K00157.01,CONFIRMED,0.004142007715053768,0.9946879111752968,0.001170081109649561,CONFIRMED
6541920,2,K00157.02,CONFIRMED,0.002446439288408766,0.9960395820489869,0.0015139786626043896,CONFIRMED
6541920,3,K00157.03,CONFIRMED,0.004405335678306196,0.9942952161849222,0.001299448136771555,CONFIRMED
6541920,4,K00157.04,CONFIRMED,0.0022099344688371668,0.9920062929605694,0.005783772570593624,CONFIRMED
6541920,5,K00157.05,CONFIRMED,0.0071475842568525195,0.9909422922608672,0.0019101234822802853,CONFIRMED
6541920,6,K00157.06,CONFIRMED,0.0023640181491340517,0.9964774562791519,0.0011585255717141592,CONFIRMED
10555375,1,K00158.01,FALSE POSITIVE,0.004490808705019567,0.008386501491280177,0.9871226898037001,FALSE POSITIVE
8972058,1,K00159.01,CONFIRMED,0.00618964814098397,0.9925282964631936,0.001282055395822252,CONFIRMED
8972058,2,K00159.02,CONFIRMED,0.053241637735788896,0.9449702281387162,0.0017881341254948671,CONFIRMED
6631721,1,K00160.01,CANDIDATE,0.9175783140479886,0.0051923699549792255,0.0772293159970322,CANDIDATE
5084942,1,K00161.01,CONFIRMED,0.0022456760036301694,0.9959424064439841,0.0018119175523856343,CONFIRMED
8107380,1,K00162.01,CONFIRMED,0.050736175678285984,0.9479963441539382,0.0012674801677758345,CONFIRMED
6851425,1,K00163.01,CONFIRMED,0.011489632783657498,0.9867289825475145,0.0017813846688279381,CONFIRMED
5652237,1,K00164.01,FALSE POSITIVE,0.006429973031543529,0.01765077840090537,0.9759192485675511,FALSE POSITIVE
9527915,1,K00165.01,CONFIRMED,0.0287246140547627,0.969919277896123,0.0013561080491144874,CONFIRMED
2441495,1,K00166.01,CONFIRMED,0.035366425987826355,0.9633434119999877,0.0012901620121858785,CONFIRMED
11666881,1,K00167.01,CONFIRMED,0.01863304845631022,0.9731727926615856,0.008194158882104174,CONFIRMED
11512246,1,K00168.01,CONFIRMED,0.007432686183082057,0.9913435412065155,0.0012237726104025208,CONFIRMED
11512246,2,K00168.02,CONFIRMED,0.0027960086396346152,0.9960605233760411,0.0011434679843242309,CONFIRMED
11512246,3,K00168.03,CONFIRMED,0.016513518949326483,0.981675215804903,0.0018112652457705194,CONFIRMED
6185711,1,K00169.01,FALSE POSITIVE,0.006569000379865505,0.009080165627314228,0.9843508339928202,FALSE POSITIVE
11044770,1,K00170.01,FALSE POSITIVE,0.00554162087481983,0.006657090226273075,0.9878012888989071,FALSE POSITIVE
7831264,1,K00171.01,CONFIRMED,0.025462253566499515,0.9733016921635559,0.001236054269944492,CONFIRMED
7831264,2,K00171.02,CONFIRMED,0.009812518801449876,0.9886457011259268,0.0015417800726232464,CONFIRMED
8692861,1,K00172.01,CONFIRMED,0.022614525645565545,0.975576807215555,0.0018086671388796726,CONFIRMED
8692861,2,K00172.02,CONFIRMED,0.02185640320313352,0.9699457947560042,0.008197802040862326,CONFIRMED
11402995,1,K00173.01,CONFIRMED,0.024545565278435426,0.9740134978657679,0.0014409368557966175,CONFIRMED
10810838,1,K00174.01,CONFIRMED,0.02841025827437102,0.9704575962214063,0.0011321455042227011,CONFIRMED
8323753,1,K00175.01,FALSE POSITIVE,0.004045314935299654,0.009650265511557501,0.9863044195531429,FALSE POSITIVE
6442377,1,K00176.01,CONFIRMED,0.02453748729655806,0.9741275459734614,0.0013349667299806462,CONFIRMED
6803202,1,K00177.01,CANDIDATE,0.8339788319136648,0.16429599252699797,0.001725175559337259,CANDIDATE
11455491,1,K00178.01,FALSE POSITIVE,0.0019962530723006172,0.005573830326232017,0.9924299166014674,FALSE POSITIVE
9663113,1,K00179.01,CONFIRMED,0.027809931619463678,0.9701481801267672,0.0020418882537691714,CONFIRMED
9663113,2,K00179.02,CONFIRMED,0.018876430820848236,0.965857746735749,0.01526582244340276,CONFIRMED
9573539,1,K00180.01,CONFIRMED,0.02016832829285838,0.9784715189372973,0.0013601527698441883,CONFIRMED
12504988,1,K00181.01,FALSE POSITIVE,0.02110469178312505,0.00881687938917824,0.9700784288276967,FALSE POSITIVE
5376836,1,K00182.01,CANDIDATE,0.945947972261886,0.01378488496829174,0.04026714276982219,CANDIDATE
9651668,1,K00183.01,CONFIRMED,0.008129234908699432,0.9893156241346263,0.0025551409566742815,CONFIRMED
7972785,1,K00184.01,FALSE POSITIVE,0.022013480881570062,0.040701799444013156,0.9372847196744167,FALSE POSITIVE
4178389,1,K00185.01,FALSE POSITIVE,0.01540175869281339,0.002649334670190753,0.9819489066369959,FALSE POSITIVE
12019440,1,K00186.01,CONFIRMED,0.013370954948971031,0.9846637009200195,0.0019653441310093075,CONFIRMED
7023960,1,K00187.01,FALSE POSITIVE,0.008942894697037426,0.020547486012409747,0.9705096192905528,FALSE POSITIVE
5357901,1,K00188.01,CONFIRMED,0.004069046124235327,0.9934368679492973,0.002494085926467362,CONFIRMED
11391018,1,K00189.01,CONFIRMED,0.03353521765774812,0.9481704505471261,0.018294331795125778,CONFIRMED
5771719,1,K00190.01,FALSE POSITIVE,0.020530712769390943,0.004629849844302748,0.9748394373863063,FALSE POSITIVE
5972334,1,K00191.01,CONFIRMED,0.006173904818321516,0.9879902761236643,0.005835819058014148,CONFIRMED
5972334,2,K00191.02,CANDIDATE,0.907033575534945,0.09118820220649483,0.0017782222585601265,CANDIDATE
5972334,3,K00191.03,CANDIDATE,0.9081700840108979,0.08990517903641104,0.0019247369526909843,CANDIDATE
5972334,4,K00191.04,CONFIRMED,0.022573679691368375,0.9758810860927977,0.0015452342158339585,CONFIRMED
7950644,1,K00192.01,CONFIRMED,0.006955435371295456,0.9892011242655075,0.003843440363197106,CONFIRMED
10799735,1,K00193.01,FALSE POSITIVE,0.011620648391241696,0.015163404819524657,0.9732159467892337,FALSE POSITIVE
10904857,1,K00194.01,CONFIRMED,0.10354119135413974,0.02790227117536394,0.8685565374704964,FALSE POSITIVE
11502867,1,K00195.01,CONFIRMED,0.015801756757722506,0.9813969310792293,0.002801312163048122,CONFIRMED
9410930,1,K00196.01,CONFIRMED,0.016084054329579673,0.9785086767173203,0.005407268953099867,CONFIRMED
2987027,1,K00197.01,CONFIRMED,0.007054841368635223,0.9882268969987311,0.004718261632633856,CONFIRMED
10666242,1,K00198.01,FALSE POSITIVE,0.006097615210990353,0.0018345829176256237,0.9920678018713841,FALSE POSITIVE
10019708,1,K00199.01,CONFIRMED,0.015329750357442022,0.9792762235012691,0.005394026141288938,CONFIRMED
10019708,2,K00199.02,FALSE POSITIVE,0.0024490576381074967,0.002072572411594647,0.9954783699502978,FALSE POSITIVE
6046540,1,K00200.01,CONFIRMED,0.007843232531987026,0.9906231187093957,0.0015336487586172798,CONFIRMED
6849046,1,K00201.01,CONFIRMED,0.00540105315471354,0.9929001912393034,0.0016987556059830822,CONFIRMED
7877496,1,K00202.01,CONFIRMED,0.019603924274925244,0.9767992412957381,0.0035968344293365742,CONFIRMED
10619192,1,K00203.01,CONFIRMED,0.016369051289610415,0.9806483424791663,0.0029826062312233227,CONFIRMED
9305831,1,K00204.01,CONFIRMED,0.00618116315985653,0.991934746918103,0.0018840899220402539,CONFIRMED
7046804,1,K00205.01,CONFIRMED,0.01585060799778963,0.9806607549055834,0.003488637096626926,CONFIRMED
5728139,1,K00206.01,CONFIRMED,0.022727706565216766,0.9421258116608279,0.03514648177395541,CONFIRMED
3762468,1,K00208.01,CONFIRMED,0.03270549401921172,0.9568699650372992,0.010424540943489132,CONFIRMED
10723750,1,K00209.01,CONFIRMED,0.004083573779874955,0.9855646157039089,0.010351810516216085,CONFIRMED
10723750,2,K00209.02,CONFIRMED,0.011325025359062792,0.9838811921494539,0.0047937824914834025,CONFIRMED
10602291,1,K00210.01,FALSE POSITIVE,0.014193102165529173,0.0028541474395748314,0.9829527503948959,FALSE POSITIVE
10656508,1,K00211.01,CANDIDATE,0.9682270191401868,0.02682565810830313,0.004947322751510172,CANDIDATE
6300348,1,K00212.01,CANDIDATE,0.8940428967686621,0.09956869880794546,0.0063884044233925635,CANDIDATE
9164836,1,K00213.01,FALSE POSITIVE,0.0037914221100363854,0.0012382627882164545,0.9949703151017472,FALSE POSITIVE
11046458,1,K00214.01,CONFIRMED,0.029472364123858903,0.9636646947256966,0.006862941150444524,CONFIRMED
12508335,1,K00215.01,FALSE POSITIVE,0.0390959551762111,0.007362876963518736,0.9535411678602702,FALSE POSITIVE
6152974,1,K00216.01,CONFIRMED,0.009470882942477873,0.9892268657779005,0.0013022512796215574,CONFIRMED
6152974,2,K00216.02,CONFIRMED,0.032041885218863,0.9656253522974629,0.00233276248367405,CONFIRMED
9595827,1,K00217.01,CONFIRMED,0.006662919891202601,0.9894738462231986,0.003863233885598696,CONFIRMED
9838975,1,K00218.01,FALSE POSITIVE,0.012207855922223338,0.012650483393560367,0.9751416606842163,FALSE POSITIVE
6305192,1,K00219.01,CONFIRMED,0.028886817068497626,0.9673529417947772,0.003760241136725314,CONFIRMED
7132798,1,K00220.01,CONFIRMED,0.020441962522587398,0.9646383316236458,0.01491970585376679,CONFIRMED
7132798,2,K00220.02,CONFIRMED,0.03053639564967551,0.9630592696579081,0.0064043346924163545,CONFIRMED
3937519,1,K00221.01,CONFIRMED,0.006448303523984019,0.9890580078027217,0.004493688673294475,CONFIRMED
3937519,2,K00221.02,CANDIDATE,0.9397591488024052,0.058031652398175856,0.0022091987994189736,CANDIDATE
4249725,1,K00222.01,CONFIRMED,0.009000534889161832,0.9892419220069415,0.0017575431038964746,CONFIRMED
4249725,2,K00222.02,CONFIRMED,0.005336677680334482,0.9929801601897608,0.0016831621299048755,CONFIRMED
4545187,1,K00223.01,CONFIRMED,0.037507912962700084,0.9593499807344164,0.003142106302883391,CONFIRMED
4545187,2,K00223.02,CONFIRMED,0.010588726244334927,0.9876459294568525,0.0017653442988126477,CONFIRMED
5547480,1,K00224.01,FALSE POSITIVE,0.013941597392051737,0.004931445676612846,0.9811269569313353,FALSE POSITIVE
5801571,1,K00225.01,FALSE POSITIVE,0.030707106814141318,0.008255212485428447,0.9610376807004303,FALSE POSITIVE
5959753,1,K00226.01,CONFIRMED,0.01338165774889976,0.984525023998802,0.002093318252298224,CONFIRMED
3847907,1,K00229.01,CONFIRMED,0.02079462929491606,0.9692365201737825,0.009968850531301249,CONFIRMED
3862246,1,K00230.01,FALSE POSITIVE,0.00887289895212934,0.0019649970100024125,0.9891621040378682,FALSE POSITIVE
4043443,1,K00231.01,FALSE POSITIVE,0.01075833951526494,0.0032293615531090365,0.9860122989316261,FALSE POSITIVE
4833421,1,K00232.01,CONFIRMED,0.008431343634245279,0.989398228362269,0.0021704280034856643,CONFIRMED
4833421,2,K00232.02,CONFIRMED,0.005367255763496513,0.9935501783505584,0.0010825658859450742,CONFIRMED
4833421,3,K00232.03,CONFIRMED,0.00942208229945145,0.9889501768368684,0.0016277408636800063,CONFIRMED
4833421,4,K00232.04,CONFIRMED,0.004046798517897753,0.9946529157797667,0.0013002857023354732,CONFIRMED
4833421,5,K00232.05,CONFIRMED,0.019361623063922757,0.9788774305572285,0.001760946378848778,CONFIRMED
5023956,1,K00233.01,FALSE POSITIVE,0.0033032670088521056,0.0103361423103147,0.9863605906808333,FALSE POSITIVE
8491277,1,K00234.01,CONFIRMED,0.014224011379157691,0.9831100145822066,0.0026659740386356487,CONFIRMED
8107225,1,K00235.01,CONFIRMED,0.015284049646951294,0.9811987016685298,0.0035172486845188775,CONFIRMED
8453211,1,K00236.01,FALSE POSITIVE,0.002110297894115541,0.0035306322539586103,0.9943590698519258,FALSE POSITIVE
8041216,1,K00237.01,CONFIRMED,0.021413572166991534,0.9769900462353497,0.001596381597658666,CONFIRMED
7219825,1,K00238.01,CONFIRMED,0.018503351056577563,0.980301736197984,0.001194912745438499,CONFIRMED
7219825,2,K00238.02,CONFIRMED,0.05390105797992896,0.9263602861795746,0.019738655840496458,CONFIRMED
7219825,3,K00238.03,CANDIDATE,0.9673012766689351,0.03050551185995958,0.0021932114711052052,CANDIDATE
6383785,1,K00239.01,CONFIRMED,0.04822873095557,0.9503433627484936,0.0014279062959364106,CONFIRMED
6383785,2,K00239.02,CANDIDATE,0.9285733245731995,0.06872105718012873,0.002705618246671729,CANDIDATE
8026752,1,K00240.01,CONFIRMED,0.01702632317160906,0.9628569372266417,0.020116739601749246,CONFIRMED
11288051,1,K00241.01,CONFIRMED,0.010829074773188027,0.9879641882535258,0.001206736973286134,CONFIRMED
11288051,2,K00241.02,CONFIRMED,0.021366936231080724,0.9769969950208999,0.001636068748019424,CONFIRMED
11288051,3,K00241.03,CONFIRMED,0.006938656221678036,0.9912493914276272,0.0018119523506944654,CONFIRMED
3642741,1,K00242.01,FALSE POSITIVE,0.02158519290280126,0.1469415695112274,0.8314732375859714,FALSE POSITIVE
9592579,1,K00243.01,FALSE POSITIVE,0.002226316669722501,0.0125700053579657,0.9852036779723117,FALSE POSITIVE
4349452,1,K00244.01,CONFIRMED,0.03259867521579696,0.9606541623772326,0.006747162406970484,CONFIRMED
4349452,2,K00244.02,CONFIRMED,0.019747331406653076,0.9751376201248431,0.005115048468503838,CONFIRMED
8478994,1,K00245.01,CONFIRMED,0.011019586093757056,0.9668052919319178,0.02217512197432515,CONFIRMED
8478994,2,K00245.02,CONFIRMED,0.007738943382213623,0.9645598672747513,0.027701189343035042,CONFIRMED
11295426,1,K00246.01,CONFIRMED,0.01421654159166542,0.9795820496254417,0.006201408782892924,CONFIRMED
11295426,2,K00246.02,CONFIRMED,0.010926121592532987,0.975471700316461,0.013602178091005945,CONFIRMED
11852982,1,K00247.01,CANDIDATE,0.9125832060341099,0.08573660163108518,0.0016801923348048165,CANDIDATE
5364071,1,K00248.01,CONFIRMED,0.005533533451518678,0.9933993166440307,0.0010671499044505946,CONFIRMED
5364071,2,K00248.02,CONFIRMED,0.008981721819141917,0.9896659105197578,0.0013523676611004443,CONFIRMED
5364071,3,K00248.03,CONFIRMED,0.008082012612821822,0.9872840139268885,0.004633973460289754,CONFIRMED
5364071,4,K00248.04,CONFIRMED,0.006602567394285232,0.9922006526391904,0.0011967799665243244,CONFIRMED
9390653,1,K00249.01,CONFIRMED,0.031172108581572978,0.9587735945348704,0.01005429688355657,CONFIRMED
9757613,1,K00250.01,CONFIRMED,0.006564667660129678,0.9923792358138323,0.0010560965260380593,CONFIRMED
9757613,2,K00250.02,CONFIRMED,0.011990860603787096,0.9859826231546694,0.0020265162415436734,CONFIRMED
9757613,3,K00250.03,CONFIRMED,0.016264234621384228,0.981749950473566,0.0019858149050497507,CONFIRMED
9757613,4,K00250.04,CONFIRMED,0.008406722391699822,0.9903844708605432,0.0012088067477569256,CONFIRMED
10489206,1,K00251.01,CONFIRMED,0.015649781330892978,0.9820064793124554,0.002343739356651467,CONFIRMED
10489206,2,K00251.02,CONFIRMED,0.07425126259535006,0.9238963157716051,0.001852421633044662,CONFIRMED
11187837,1,K00252.01,CANDIDATE,0.7505113667359861,0.2480100943849548,0.0014785388790590304,CANDIDATE
11752906,1,K00253.01,CANDIDATE,0.9860554047374505,0.010424874132393444,0.003519721130156122,CANDIDATE
11752906,2,K00253.02,CANDIDATE,0.9462840913945819,0.04620670094046574,0.007509207664952409,CANDIDATE
5794240,1,K00254.01,CONFIRMED,0.007329527261771177,0.984827020782723,0.007843451955505853,CONFIRMED
7021681,1,K00255.01,CONFIRMED,0.004986079252553443,0.9939136056140823,0.001100315133364376,CONFIRMED
7021681,2,K00255.02,CANDIDATE,0.9784441240208032,0.017899681796408377,0.0036561941827885844,CANDIDATE
7021681,3,K00255.03,FALSE POSITIVE,0.08008086192535858,0.00445975917203811,0.9154593789026033,FALSE POSITIVE
11548140,1,K00256.01,FALSE POSITIVE,0.009242166594339702,0.004836238138754696,0.9859215952669056,FALSE POSITIVE
5514383,1,K00257.01,CONFIRMED,0.04510776444720921,0.952671718824364,0.0022205167284269243,CONFIRMED
11231334,1,K00258.01,FALSE POSITIVE,0.0075652773279617225,0.00748947318991216,0.9849452494821261,FALSE POSITIVE
5790807,1,K00259.01,FALSE POSITIVE,0.0662068265982398,0.004697703891700154,0.9290954695100601,FALSE POSITIVE
8292840,1,K00260.01,CONFIRMED,0.04186579830536185,0.9563942297281932,0.0017399719664449528,CONFIRMED
8292840,2,K00260.02,CONFIRMED,0.01574735523921428,0.9813647290994958,0.0028879156612898788,CONFIRMED
8292840,3,K00260.03,CONFIRMED,0.005168341658052248,0.9893246859613711,0.00550697238057664,CONFIRMED
5383248,1,K00261.01,CONFIRMED,0.01442831051463822,0.9486083039693254,0.03696338551603632,CONFIRMED
11807274,1,K00262.01,CONFIRMED,0.0213533285974018,0.9741632958626082,0.0044833755399899975,CONFIRMED
11807274,2,K00262.02,CONFIRMED,0.01907284793223286,0.9747666819544433,0.0061604701133238,CONFIRMED
10514430,1,K00263.01,FALSE POSITIVE,0.46080903022463865,0.023764581840054384,0.5154263879353069,FALSE POSITIVE
3097346,1,K00264.01,FALSE POSITIVE,0.001381934128523533,0.0008098460381292002,0.9978082198333472,FALSE POSITIVE
12024120,1,K00265.01,CONFIRMED,0.012954214900904105,0.9836645834625202,0.00338120163657568,CONFIRMED
7375348,1,K00266.01,CONFIRMED,0.01756884482046473,0.9811308500372635,0.0013003051422716871,CONFIRMED
7375348,2,K00266.02,CANDIDATE,0.39659286493039164,0.6009341963591889,0.0024729387104195488,CONFIRMED
3425851,1,K00268.01,CANDIDATE,0.958599287456602,0.026700510553046695,0.014700201990351299,CANDIDATE
7670943,1,K00269.01,CANDIDATE,0.7886814166560346,0.20984343672833566,0.0014751466156297714,CANDIDATE
6528464,1,K00270.01,CONFIRMED,0.025512543724427718,0.9731977787825649,0.0012896774930073295,CONFIRMED
6528464,2,K00270.02,CONFIRMED,0.012716249619462307,0.9856678936732681,0.0016158567072695111,CONFIRMED
9451706,1,K00271.01,CONFIRMED,0.015376096982440215,0.9777414936256859,0.006882409391873856,CONFIRMED
9451706,2,K00271.02,CONFIRMED,0.016969473239622924,0.9752281962897495,0.007802330470627524,CONFIRMED
9451706,3,K00271.03,CONFIRMED,0.005665145118176905,0.9912370061332015,0.0030978487486216085,CONFIRMED
5716763,1,K00272.01,FALSE POSITIVE,0.02863674625318662,0.022576941637830614,0.9487863121089828,FALSE POSITIVE
3102384,1,K00273.01,CONFIRMED,0.06002546950786514,0.9378463874012664,0.0021281430908686883,CONFIRMED
8077137,1,K00274.01,CONFIRMED,0.044358975166744676,0.9527693361829531,0.0028716886503023253,CONFIRMED
8077137,2,K00274.02,CONFIRMED,0.06078401590307496,0.935622559934981,0.003593424161944007,CONFIRMED
10586004,1,K00275.01,CONFIRMED,0.01402552698745917,0.9846900999395132,0.001284373073027667,CONFIRMED
10586004,2,K00275.02,CONFIRMED,0.012526810658186815,0.9856882590147557,0.0017849303270575272,CONFIRMED
11133306,1,K00276.01,CONFIRMED,0.0498883947158835,0.9485011256069015,0.001610479677214997,CONFIRMED
11401755,1,K00277.01,CONFIRMED,0.021407190500241688,0.9738993023485215,0.0046935071512365974,CONFIRMED
11401755,2,K00277.02,CONFIRMED,0.018898530150818486,0.9301235560993102,0.050977913749871394,CONFIRMED
12314973,1,K00279.01,CONFIRMED,0.005034562492647231,0.9930260679746057,0.0019393695327469928,CONFIRMED
12314973,2,K00279.02,CONFIRMED,0.004768217266146393,0.9938188276928323,0.0014129550410214315,CONFIRMED
12314973,3,K00279.03,CONFIRMED,0.19997327740110865,0.797937755718533,0.002088966880358229,CONFIRMED
4141376,1,K00280.01,CONFIRMED,0.014600208581644403,0.9831747842906077,0.0022250071277480693,CONFIRMED
4143755,1,K00281.01,CONFIRMED,0.018609067102782092,0.9803004718917837,0.0010904610054343622,CONFIRMED
5088536,1,K00282.01,CONFIRMED,0.007532661801676238,0.9914692960613228,0.0009980421370010522,CONFIRMED
5088536,2,K00282.02,CONFIRMED,0.010330275056346263,0.9885288630024958,0.0011408619411578085,CONFIRMED
5088536,3,K00282.03,CONFIRMED,0.05764977295409497,0.9331940292608075,0.009156197785097499,CONFIRMED
5695396,1,K00283.01,CONFIRMED,0.011521813684439339,0.9871260384523243,0.0013521478632365534,CONFIRMED
5695396,2,K00283.02,CONFIRMED,0.026399820488097008,0.9701573547209746,0.003442824790928372,CONFIRMED
6021275,1,K00284.01,CONFIRMED,0.012771888562162595,0.9845888788560344,0.002639232581803232,CONFIRMED
6021275,2,K00284.02,CONFIRMED,0.0062930175162415405,0.9924724597778711,0.0012345227058872905,CONFIRMED
6021275,3,K00284.03,CONFIRMED,0.009308110998641688,0.9886599046353195,0.002031984366038943,CONFIRMED
6021275,4,K00284.04,CONFIRMED,0.23781306367013366,0.75592042933044,0.006266506999426292,CONFIRMED
6196457,1,K00285.01,CONFIRMED,0.0036216243211743392,0.9953987202792864,0.0009796553995391976,CONFIRMED
6196457,2,K00285.02,CONFIRMED,0.00490337967743525,0.9941261617088252,0.0009704586137394225,CONFIRMED
6196457,3,K00285.03,CONFIRMED,0.00529756906779356,0.9936402573861116,0.0010621735460947831,CONFIRMED
8258171,1,K00286.01,FALSE POSITIVE,0.004442231741693575,0.006235204924655223,0.9893225633336513,FALSE POSITIVE
8703887,1,K00287.01,FALSE POSITIVE,0.015727274945608133,0.0018650275661048785,0.982407697488287,FALSE POSITIVE
9592705,1,K00288.01,CANDIDATE,0.9829944214537876,0.013813871284526597,0.003191707261685765,CANDIDATE
10386922,1,K00289.01,CANDIDATE,0.9618359529491682,0.03377031087782904,0.004393736173002657,CANDIDATE
10386922,2,K00289.02,CONFIRMED,0.010413623099177823,0.988252632695769,0.0013337442050532422,CONFIRMED
10488450,1,K00290.01,FALSE POSITIVE,0.008625705111909748,0.0012674387141234963,0.9901068561739668,FALSE POSITIVE
10933561,1,K00291.01,CONFIRMED,0.078148510670019,0.9206313922359072,0.001220097094073791,CONFIRMED
10933561,2,K00291.02,CONFIRMED,0.01767178753097987,0.9804316900792376,0.0018965223897825369,CONFIRMED
11075737,1,K00292.01,CONFIRMED,0.017968925059766314,0.9801915874973287,0.0018394874429049652,CONFIRMED
11200415,1,K00293.01,FALSE POSITIVE,0.0037499768269599726,0.008163247078522057,0.988086776094518,FALSE POSITIVE
11259686,1,K00294.01,CONFIRMED,0.044351040656679684,0.9537538344247751,0.0018951249185451763,CONFIRMED
11547513,1,K00295.01,CONFIRMED,0.01075184337989144,0.9876682458794419,0.0015799107406664465,CONFIRMED
11547513,2,K00295.02,CONFIRMED,0.03897972144876087,0.9581412638686946,0.002879014682544528,CONFIRMED
11802615,1,K00296.01,CONFIRMED,0.03079434561288503,0.9679271976298754,0.0012784567572395494,CONFIRMED
11905011,1,K00297.01,CONFIRMED,0.009187410037400012,0.9895597009705419,0.0012528889920579746,CONFIRMED
12785320,1,K00298.01,CONFIRMED,0.014226450298720456,0.9843787275655719,0.0013948221357076177,CONFIRMED
12785320,2,K00298.02,CANDIDATE,0.9144392878498044,0.08370282181189448,0.001857890338301107,CANDIDATE
2692377,1,K00299.01,CONFIRMED,0.005566399493838824,0.9600363119492503,0.03439728855691094,CONFIRMED
3438975,1,K00300.01,FALSE POSITIVE,0.0021482710959054374,0.005145339826706829,0.9927063890773877,FALSE POSITIVE
3642289,1,K00301.01,CONFIRMED,0.020514140467429807,0.9778528891877506,0.0016329703448197358,CONFIRMED
3642289,2,K00301.02,CONFIRMED,0.015930913696447124,0.9812790734843012,0.0027900128192516957,CONFIRMED
3662838,1,K00302.01,CONFIRMED,0.03821095603033362,0.9580934752809455,0.003695568688720945,CONFIRMED
5966322,1,K00303.01,CONFIRMED,0.04142974942072262,0.9539171650901336,0.0046530854891438074,CONFIRMED
6029239,1,K00304.01,CONFIRMED,0.009847728139624494,0.9871913919017957,0.0029608799585797573,CONFIRMED
6029239,2,K00304.02,CANDIDATE,0.9872874127677784,0.005946443702259063,0.006766143529962495,CANDIDATE
6063220,1,K00305.01,CONFIRMED,0.012276727457439967,0.9862849213404146,0.001438351202145539,CONFIRMED
6071903,1,K00306.01,CONFIRMED,0.02391289624151981,0.9746899963779048,0.001397107380575262,CONFIRMED
6289257,1,K00307.01,CONFIRMED,0.014791447821155688,0.9836333417024535,0.0015752104763908533,CONFIRMED
6289257,2,K00307.02,CONFIRMED,0.01733899611590655,0.9799168302573074,0.0027441736267862014,CONFIRMED
6291837,1,K00308.01,CANDIDATE,0.8948921597437832,0.10216310044419336,0.002944739812023421,CANDIDATE
7024222,1,K00309.01,FALSE POSITIVE,0.0039737810171198845,0.00798373601735399,0.9880424829655262,FALSE POSITIVE
7050989,1,K00312.01,CONFIRMED,0.011506900074034293,0.9868670723987352,0.0016260275272305443,CONFIRMED
