CANDIDATE,CONFIRMED,FALSE POSITIVE,y_test,y_pred
0.5850668718306573,0.4138822340848943,0.001050894084448233,CANDIDATE,CANDIDATE
0.0066863002627059395,0.000937062518474595,0.9923766372188194,FALSE POSITIVE,FALSE POSITIVE
0.42931064987538137,0.5632483144037241,0.00744103572089451,CONFIRMED,CONFIRMED
0.006922848146989862,0.0004895742058654721,0.9925875776471447,FALSE POSITIVE,FALSE POSITIVE
0.0016841652163072215,0.0003360450973732118,0.9979797896863195,FALSE POSITIVE,FALSE POSITIVE
0.12584494041853564,0.001467738262972524,0.8726873213184919,FALSE POSITIVE,FALSE POSITIVE
0.015808102537673435,0.9541610771798116,0.03003082028251493,CONFIRMED,CONFIRMED
0.07240714664524338,0.9252584077713755,0.0023344455833812765,CONFIRMED,CONFIRMED
0.05090382638100397,0.08527409938467902,0.8638220742343171,FALSE POSITIVE,FALSE POSITIVE
0.03819684123186057,0.9604885608706828,0.0013145978974566884,CONFIRMED,CONFIRMED
0.002619293854880353,0.00040641028487696344,0.9969742958602428,FALSE POSITIVE,FALSE POSITIVE
0.0013764137570999346,0.000780653150881333,0.9978429330920188,FALSE POSITIVE,FALSE POSITIVE
0.7867080323333433,0.20754668258622677,0.005745285080429883,CONFIRMED,CANDIDATE
0.007051126183637113,0.0014579117983214366,0.9914909620180415,FALSE POSITIVE,FALSE POSITIVE
0.3685415187374843,0.6275026576332897,0.003955823629225838,CONFIRMED,CONFIRMED
0.0008093810169748673,0.0005531429559801571,0.998637476027045,FALSE POSITIVE,FALSE POSITIVE
0.006165326762255705,0.0012848733665315295,0.9925497998712128,FALSE POSITIVE,FALSE POSITIVE
0.003312965431828975,0.0007302360036823142,0.9959567985644888,FALSE POSITIVE,FALSE POSITIVE
0.17117484852537282,0.8260729736559979,0.0027521778186293962,CONFIRMED,CONFIRMED
0.00840467874044283,0.9902641558011995,0.0013311654583575458,CONFIRMED,CONFIRMED
0.0231147654319935,0.9757425529136001,0.0011426816544063522,CONFIRMED,CONFIRMED
0.9907413583740738,0.0015172140258837064,0.007741427600042483,FALSE POSITIVE,CANDIDATE
0.9522587467316356,0.045072046363806836,0.0026692069045574016,CANDIDATE,CANDIDATE
0.10002981444020645,0.8982529688761988,0.001717216683594846,CANDIDATE,CONFIRMED
0.016740699517694132,0.0015595051812206523,0.9816997953010852,FALSE POSITIVE,FALSE POSITIVE
0.09542786086222309,0.9000074508326368,0.004564688305140077,CONFIRMED,CONFIRMED
0.300789687411808,0.6951362765588032,0.004074036029388711,CONFIRMED,CONFIRMED
0.023751518965517502,0.0008910476494237048,0.9753574333850586,CANDIDATE,FALSE POSITIVE
0.9493218892245975,0.03312611094230699,0.017551999833095515,CONFIRMED,CANDIDATE
0.011018145237594944,0.0010289752723109682,0.9879528794900941,FALSE POSITIVE,FALSE POSITIVE
0.007696742087317996,0.0011059747943146809,0.9911972831183674,FALSE POSITIVE,FALSE POSITIVE
0.0015960283071086315,0.0009127221688835121,0.9974912495240078,FALSE POSITIVE,FALSE POSITIVE
0.10198859231707579,0.8956766286815783,0.0023347790013459814,CONFIRMED,CONFIRMED
0.022774600350536835,0.9748814197523737,0.0023439798970894743,CONFIRMED,CONFIRMED
0.07593263540308863,0.0008899989843683764,0.9231773656125429,FALSE POSITIVE,FALSE POSITIVE
0.040138096567284856,0.0005239694077386906,0.9593379340249764,FALSE POSITIVE,FALSE POSITIVE
0.2102567633383563,0.0011765403380459888,0.7885666963235978,FALSE POSITIVE,FALSE POSITIVE
0.7609457169965931,0.23508386035654624,0.003970422646860617,CANDIDATE,CANDIDATE
0.003751039100038503,0.00045281879934633485,0.9957961421006152,FALSE POSITIVE,FALSE POSITIVE
0.3620571362800389,0.6354654695752341,0.002477394144727158,CANDIDATE,CONFIRMED
0.14544482791164212,0.8475769836596647,0.00697818842869324,CANDIDATE,CONFIRMED
0.00445935044051916,0.0011840437936052517,0.9943566057658756,FALSE POSITIVE,FALSE POSITIVE
0.5632899351931813,0.43192411152232446,0.004785953284494257,CANDIDATE,CANDIDATE
0.7851688267470041,0.11885149803247677,0.09597967522051927,FALSE POSITIVE,CANDIDATE
0.012070410212795531,0.00038058885137205316,0.9875490009358323,FALSE POSITIVE,FALSE POSITIVE
0.0018252886993175483,0.0003513286852197717,0.9978233826154627,FALSE POSITIVE,FALSE POSITIVE
0.0313647409037215,0.966492722834678,0.002142536261600445,CONFIRMED,CONFIRMED
0.0026291363881689274,0.0006665958395933018,0.9967042677722378,FALSE POSITIVE,FALSE POSITIVE
0.16548529689795008,0.0015414869668891969,0.8329732161351607,CANDIDATE,FALSE POSITIVE
0.04236767909861042,0.0010605788171409254,0.9565717420842488,FALSE POSITIVE,FALSE POSITIVE
0.007875945475975931,0.0011651821556552956,0.9909588723683688,FALSE POSITIVE,FALSE POSITIVE
0.0024942773095478926,0.00032890021576129617,0.9971768224746907,FALSE POSITIVE,FALSE POSITIVE
0.004803647734597673,0.000848861011826897,0.9943474912535755,FALSE POSITIVE,FALSE POSITIVE
0.013091380450705558,0.9847376359639032,0.002170983585391264,CONFIRMED,CONFIRMED
0.021338354185593805,0.003073893929891548,0.9755877518845147,FALSE POSITIVE,FALSE POSITIVE
0.9919034899442907,0.0012143819419456665,0.006882128113763609,CANDIDATE,CANDIDATE
0.9321629412946387,0.06637544937366084,0.0014616093317003198,CONFIRMED,CANDIDATE
0.001849979540315422,0.0003313503270563306,0.9978186701326283,FALSE POSITIVE,FALSE POSITIVE
0.0010858763381217348,0.0003035219319071831,0.998610601729971,FALSE POSITIVE,FALSE POSITIVE
0.10045936282377625,0.8972857594337353,0.002254877742488456,CONFIRMED,CONFIRMED
0.6972194830188246,0.0006331440846871551,0.30214737289648813,CANDIDATE,CANDIDATE
0.005780483277080412,0.0011186541572806318,0.993100862565639,FALSE POSITIVE,FALSE POSITIVE
0.34582847351029755,0.0010872673914568282,0.6530842590982456,FALSE POSITIVE,FALSE POSITIVE
0.0020748764367913585,0.0007205899443014873,0.9972045336189072,FALSE POSITIVE,FALSE POSITIVE
0.0137644542375751,0.9840648830787643,0.0021706626836607026,CONFIRMED,CONFIRMED
0.987436319125886,0.004391282452873138,0.008172398421240868,CANDIDATE,CANDIDATE
0.07860107748264779,0.9171995258135548,0.0041993967037973964,CONFIRMED,CONFIRMED
0.0017278276075258115,0.0006649318952789802,0.9976072404971953,FALSE POSITIVE,FALSE POSITIVE
0.1092205611859108,0.8882673086101827,0.0025121302039065483,CANDIDATE,CONFIRMED
0.5043583825354212,0.4771273650034884,0.01851425246109037,CANDIDATE,CANDIDATE
0.031768171872397416,0.0017306948008358192,0.9665011333267667,FALSE POSITIVE,FALSE POSITIVE
0.0055514813553017755,0.0007847950659174499,0.9936637235787807,FALSE POSITIVE,FALSE POSITIVE
0.6292477037905894,0.0012149421058213334,0.36953735410358923,FALSE POSITIVE,CANDIDATE
0.002296772621753826,0.0005977529583491548,0.997105474419897,FALSE POSITIVE,FALSE POSITIVE
0.8979935686541256,0.0938374811067495,0.008168950239124879,CANDIDATE,CANDIDATE
0.5409539552658602,0.44225067947459856,0.01679536525954103,CANDIDATE,CANDIDATE
0.01878156961368172,0.0019356210028347396,0.9792828093834836,FALSE POSITIVE,FALSE POSITIVE
0.21423581090444432,0.019605359859460526,0.7661588292360952,FALSE POSITIVE,FALSE POSITIVE
0.45008857423940846,0.0035480337398790885,0.5463633920207124,FALSE POSITIVE,FALSE POSITIVE
0.007369200024285975,0.0004442150427810456,0.992186584932933,FALSE POSITIVE,FALSE POSITIVE
0.709998511150164,0.288372083330957,0.00162940551887903,CANDIDATE,CANDIDATE
0.0037082150295475484,0.000925984942708744,0.9953658000277437,FALSE POSITIVE,FALSE POSITIVE
0.003856615416414561,0.00054168618881769,0.9956016983947678,FALSE POSITIVE,FALSE POSITIVE
0.006121413445651978,0.0007420214595851771,0.9931365650947628,FALSE POSITIVE,FALSE POSITIVE
0.9161918618283172,0.0007764763096865546,0.08303166186199616,CANDIDATE,CANDIDATE
0.042923234602795214,0.953807177604715,0.0032695877924896716,CONFIRMED,CONFIRMED
0.0011911682159227697,0.0002717436697743331,0.9985370881143029,FALSE POSITIVE,FALSE POSITIVE
0.30699124734096755,0.6918335137787915,0.001175238880241051,CONFIRMED,CONFIRMED
0.045880911963045806,0.952547428611558,0.0015716594253962694,CONFIRMED,CONFIRMED
0.0023734238267085115,0.000472937745118863,0.9971536384281727,FALSE POSITIVE,FALSE POSITIVE
0.0020231996071324223,0.0004468337357405058,0.997529966657127,FALSE POSITIVE,FALSE POSITIVE
0.0016601886589942745,0.00047301066636098104,0.9978668006746448,FALSE POSITIVE,FALSE POSITIVE
0.15928660709054493,0.8387306008223875,0.0019827920870678197,CONFIRMED,CONFIRMED
0.004622430330452421,0.00046996769041842253,0.9949076019791292,FALSE POSITIVE,FALSE POSITIVE
0.009402750157456377,0.0008514668397047393,0.9897457830028388,FALSE POSITIVE,FALSE POSITIVE
0.010177755442356738,0.987995325408373,0.0018269191492702949,CONFIRMED,CONFIRMED
0.9740794650800997,0.0030045050900741914,0.02291602982982615,CANDIDATE,CANDIDATE
0.8970420852219335,0.0010702823983545272,0.10188763237971196,CANDIDATE,CANDIDATE
0.026792373184871123,0.00035744286488160516,0.9728501839502474,FALSE POSITIVE,FALSE POSITIVE
0.08766294206247288,0.006376351057318895,0.9059607068802082,FALSE POSITIVE,FALSE POSITIVE
0.311673233405858,0.6848422848960116,0.003484481698130291,CONFIRMED,CONFIRMED
0.10705208010709343,0.003935933552231818,0.8890119863406747,FALSE POSITIVE,FALSE POSITIVE
0.011118577927583773,0.0004934388071882126,0.988387983265228,FALSE POSITIVE,FALSE POSITIVE
0.990100228029029,0.00812540350022904,0.0017743684707419397,CANDIDATE,CANDIDATE
0.013853934581892376,0.000710501395693524,0.9854355640224141,FALSE POSITIVE,FALSE POSITIVE
0.47030369580607856,0.5273593900808209,0.0023369141131004316,CANDIDATE,CONFIRMED
0.014254928156974083,0.9844355791741554,0.001309492668870494,CONFIRMED,CONFIRMED
0.0018699460281235661,0.0011397147055590587,0.9969903392663173,FALSE POSITIVE,FALSE POSITIVE
0.024097475707210648,0.9745323330043023,0.0013701912884869953,FALSE POSITIVE,CONFIRMED
0.0013458060105281252,0.0009760534065984251,0.9976781405828734,FALSE POSITIVE,FALSE POSITIVE
0.0011728437369342792,0.0010514351377394339,0.9977757211253263,FALSE POSITIVE,FALSE POSITIVE
0.004361267024386124,0.0008985545410562057,0.9947401784345576,FALSE POSITIVE,FALSE POSITIVE
0.000969171348642852,0.0005581242312023148,0.9984727044201548,FALSE POSITIVE,FALSE POSITIVE
0.007804332977935337,0.980747456616238,0.011448210405826588,CONFIRMED,CONFIRMED
0.00044942086293759894,0.00043600016865954567,0.9991145789684029,FALSE POSITIVE,FALSE POSITIVE
0.9938648212362657,0.002515926670741286,0.0036192520929929123,CANDIDATE,CANDIDATE
0.004241275342658138,0.0021527123656807584,0.9936060122916612,FALSE POSITIVE,FALSE POSITIVE
0.0055216692528941656,0.002856112993486442,0.9916222177536195,FALSE POSITIVE,FALSE POSITIVE
0.9719152628131251,0.022803697647369385,0.005281039539505542,CANDIDATE,CANDIDATE
0.018608018383057225,0.979945531714419,0.0014464499025236466,CONFIRMED,CONFIRMED
0.020289328051308966,0.975637347594453,0.004073324354238221,CONFIRMED,CONFIRMED
0.06705988564588626,0.0038495917831433343,0.9290905225709704,FALSE POSITIVE,FALSE POSITIVE
0.011136892052828095,0.00814875408075546,0.9807143538664165,FALSE POSITIVE,FALSE POSITIVE
0.040027454185013196,0.95663664615941,0.003335899655576773,CONFIRMED,CONFIRMED
0.0014039877213307057,0.0006008420163373089,0.9979951702623321,FALSE POSITIVE,FALSE POSITIVE
0.024234832569992173,0.002608905286060121,0.9731562621439476,FALSE POSITIVE,FALSE POSITIVE
0.0038731746720829722,0.9907481507300071,0.005378674597909988,CONFIRMED,CONFIRMED
0.0056805021099477606,0.0003629730606608688,0.9939565248293915,FALSE POSITIVE,FALSE POSITIVE
0.02562475467087454,0.9720082557514185,0.002366989577707091,CONFIRMED,CONFIRMED
0.9816851895583838,0.01122563808376962,0.007089172357846631,CANDIDATE,CANDIDATE
0.0013700052868898121,0.00051083758758886,0.9981191571255212,FALSE POSITIVE,FALSE POSITIVE
0.014119499273363537,0.9831974292044489,0.0026830715221877717,CONFIRMED,CONFIRMED
0.1881654172753893,0.8098440015151078,0.0019905812095029887,CONFIRMED,CONFIRMED
0.2864675854731004,0.0014197125597001992,0.7121127019671994,FALSE POSITIVE,FALSE POSITIVE
0.004054674361899552,0.0006287256271714412,0.995316600010929,FALSE POSITIVE,FALSE POSITIVE
0.24314544537223393,0.7537281113839874,0.0031264432437786522,CANDIDATE,CONFIRMED
0.4473416656362324,0.5506489133535712,0.002009421010196322,CANDIDATE,CONFIRMED
0.001389239817692883,0.0010136705805702602,0.9975970896017369,FALSE POSITIVE,FALSE POSITIVE
0.2407490117560643,0.7578710500866797,0.0013799381572560086,CANDIDATE,CONFIRMED
0.0008883491274930953,0.0005019045693418376,0.998609746303165,FALSE POSITIVE,FALSE POSITIVE
0.01097408264006266,0.000732398552295611,0.9882935188076417,FALSE POSITIVE,FALSE POSITIVE
0.004640320385917119,0.994293496429354,0.001066183184728868,CONFIRMED,CONFIRMED
0.014727562739031834,0.0021422462563901964,0.983130191004578,FALSE POSITIVE,FALSE POSITIVE
0.0016782384068678197,0.0003848230178318211,0.9979369385753003,FALSE POSITIVE,FALSE POSITIVE
0.0015740065679129853,0.0005581029112503547,0.9978678905208366,FALSE POSITIVE,FALSE POSITIVE
0.0022017288212048485,0.0008765625050215788,0.9969217086737737,FALSE POSITIVE,FALSE POSITIVE
0.010445092716831108,0.013934935855189108,0.9756199714279797,FALSE POSITIVE,FALSE POSITIVE
0.014004156823795145,0.9825215672491326,0.003474275927072277,CANDIDATE,CONFIRMED
0.0780579286648637,0.008068565792965922,0.9138735055421703,FALSE POSITIVE,FALSE POSITIVE
0.001987148499033538,0.0004533663224841638,0.9975594851784823,FALSE POSITIVE,FALSE POSITIVE
0.4177888597083385,0.580888386186497,0.0013227541051644524,CONFIRMED,CONFIRMED
0.24453350597087853,0.7520448742126984,0.003421619816423063,CANDIDATE,CONFIRMED
0.0216173523126491,0.0006437497355900497,0.9777388979517609,FALSE POSITIVE,FALSE POSITIVE
0.0049756203357644415,0.000686243056910969,0.9943381366073246,FALSE POSITIVE,FALSE POSITIVE
0.28191162904621414,0.7169077597653933,0.0011806111883924956,CONFIRMED,CONFIRMED
0.10352726831890724,0.006909085189807629,0.8895636464912852,CANDIDATE,FALSE POSITIVE
0.0036709769131006856,0.0021772686747403317,0.994151754412159,CANDIDATE,FALSE POSITIVE
0.21648559073892235,0.0009858920069677924,0.7825285172541099,FALSE POSITIVE,FALSE POSITIVE
0.0013184318623909385,0.00042654589758711793,0.9982550222400219,FALSE POSITIVE,FALSE POSITIVE
0.0013720462460081622,0.0003419376988044032,0.9982860160551874,FALSE POSITIVE,FALSE POSITIVE
0.006690347631513324,0.9919108343222063,0.0013988180462805708,CONFIRMED,CONFIRMED
0.003427698073306662,0.001217668729721333,0.995354633196972,FALSE POSITIVE,FALSE POSITIVE
0.053399935679982864,0.003475343999837591,0.9431247203201795,FALSE POSITIVE,FALSE POSITIVE
0.8080292038863801,0.18921081426739772,0.0027599818462222523,CANDIDATE,CANDIDATE
0.007504003710769537,0.0018804351217279842,0.9906155611675025,FALSE POSITIVE,FALSE POSITIVE
0.12520273390237413,0.8725963834738047,0.0022008826238211565,CONFIRMED,CONFIRMED
0.142573661445954,0.8532024530896762,0.004223885464369752,CONFIRMED,CONFIRMED
0.9806163073994635,0.0030208725818486144,0.016362820018687996,CANDIDATE,CANDIDATE
0.20260698525883222,0.795488404275721,0.0019046104654466937,CONFIRMED,CONFIRMED
0.030963162208562756,0.9635508876923529,0.005485950099084174,CONFIRMED,CONFIRMED
0.0006822253172608887,0.00042421494161443574,0.9988935597411247,FALSE POSITIVE,FALSE POSITIVE
0.22650559657526995,0.0004714114271603222,0.7730229919975697,CANDIDATE,FALSE POSITIVE
0.0018287604083051978,0.0006465690547425015,0.9975246705369523,FALSE POSITIVE,FALSE POSITIVE
0.6148194999647882,0.3708764213735115,0.014304078661700128,CONFIRMED,CANDIDATE
0.0038856227682618396,0.0007523036740885744,0.9953620735576495,FALSE POSITIVE,FALSE POSITIVE
0.12008409842633688,0.8784489600675556,0.0014669415061075134,CONFIRMED,CONFIRMED
0.003093364757706093,0.0004157761329759036,0.9964908591093179,FALSE POSITIVE,FALSE POSITIVE
0.00518004217010696,0.00042397180415429966,0.9943959860257386,FALSE POSITIVE,FALSE POSITIVE
0.3081703982702781,0.6883201161126009,0.0035094856171209404,CANDIDATE,CONFIRMED
0.33544070629124134,0.661080105137304,0.003479188571454741,CANDIDATE,CONFIRMED
0.42110591282463616,0.012094824712335103,0.5667992624630287,CANDIDATE,FALSE POSITIVE
0.015504984172171537,0.0015805265182216434,0.9829144893096069,FALSE POSITIVE,FALSE POSITIVE
0.010819586474498705,0.9861204319133978,0.0030599816121033904,CONFIRMED,CONFIRMED
0.3385450817231124,0.6558932036042459,0.005561714672641696,CANDIDATE,CONFIRMED
0.9571681785640196,0.000681547695638893,0.04215027374034167,CANDIDATE,CANDIDATE
0.022576942793381145,0.0007846190986547083,0.9766384381079641,FALSE POSITIVE,FALSE POSITIVE
0.015100757729342655,0.9836294014203251,0.0012698408503324227,CONFIRMED,CONFIRMED
0.3582673279554828,0.3968439395733834,0.2448887324711338,FALSE POSITIVE,CONFIRMED
0.12576049506557077,0.8723526839239738,0.0018868210104554361,CONFIRMED,CONFIRMED
0.030454435450624533,0.0002179933733295069,0.9693275711760458,FALSE POSITIVE,FALSE POSITIVE
0.5612061789669381,0.43322842198266165,0.005565399050400169,CONFIRMED,CANDIDATE
0.006803016621564988,0.9901568736306104,0.0030401097478245714,CONFIRMED,CONFIRMED
0.09172284350254917,0.9065897505146351,0.0016874059828158531,CONFIRMED,CONFIRMED
0.45837874679639934,0.011255165526667839,0.5303660876769328,FALSE POSITIVE,FALSE POSITIVE
0.021595600362250715,0.0017906114471151703,0.9766137881906342,FALSE POSITIVE,FALSE POSITIVE
0.011269493052942543,0.9839602307867612,0.004770276160296434,CONFIRMED,CONFIRMED
0.016432738684189697,0.0009375350920065697,0.9826297262238037,FALSE POSITIVE,FALSE POSITIVE
0.0025574794928277388,0.0007792434367804196,0.9966632770703918,FALSE POSITIVE,FALSE POSITIVE
0.6048247352434114,0.0003318976891209503,0.3948433670674676,FALSE POSITIVE,CANDIDATE
0.0360621100988009,0.9609844225211438,0.002953467380055292,CONFIRMED,CONFIRMED
0.5475897169429859,0.4510219906201966,0.0013882924368173964,CONFIRMED,CANDIDATE
0.011090376899866373,0.9873735629273745,0.0015360601727590247,CONFIRMED,CONFIRMED
0.26140820088535194,0.7336084090520467,0.004983390062601236,CANDIDATE,CONFIRMED
0.12561312327809418,0.8731696735828203,0.001217203139085662,CONFIRMED,CONFIRMED
0.007075833783696694,0.9914407449555163,0.0014834212607871195,CONFIRMED,CONFIRMED
0.6909733209716551,0.3061244190256638,0.002902260002681245,CANDIDATE,CANDIDATE
0.0027049120363677698,0.0005520564608670204,0.9967430315027651,FALSE POSITIVE,FALSE POSITIVE
0.004365954090372692,0.0008030489805236758,0.9948309969291036,FALSE POSITIVE,FALSE POSITIVE
0.006098502279605018,0.0006624698235720425,0.993239027896823,FALSE POSITIVE,FALSE POSITIVE
0.0011864431891930216,0.00033049522450004614,0.9984830615863068,FALSE POSITIVE,FALSE POSITIVE
0.048270050732819765,0.9489988591001772,0.0027310901670029647,CONFIRMED,CONFIRMED
0.20372790376704783,0.0007193956064783088,0.7955527006264738,FALSE POSITIVE,FALSE POSITIVE
0.4323163437594926,0.5648871946490079,0.002796461591499523,CONFIRMED,CONFIRMED
0.015228239002023615,0.000969478132149097,0.9838022828658273,FALSE POSITIVE,FALSE POSITIVE
0.030869203406754957,0.004111532336042873,0.9650192642572022,FALSE POSITIVE,FALSE POSITIVE
0.0018979399970534409,0.0006851748977943758,0.9974168851051523,FALSE POSITIVE,FALSE POSITIVE
0.0066810243773325695,0.013050345688145386,0.9802686299345221,FALSE POSITIVE,FALSE POSITIVE
0.1657734826131893,0.01925829017576334,0.8149682272110473,FALSE POSITIVE,FALSE POSITIVE
0.025360616298233527,0.9734319870424302,0.001207396659336395,CONFIRMED,CONFIRMED
0.005715479786654195,0.0006935822613287559,0.993590937952017,FALSE POSITIVE,FALSE POSITIVE
0.01183948566998316,0.9868299694039827,0.0013305449260339545,CONFIRMED,CONFIRMED
0.08345676075742445,0.005026946802292443,0.9115162924402831,FALSE POSITIVE,FALSE POSITIVE
0.581507878540685,0.31715634207522364,0.10133577938409137,FALSE POSITIVE,CANDIDATE
0.16041627058748292,0.04981611962643986,0.7897676097860772,FALSE POSITIVE,FALSE POSITIVE
0.014243649787300545,0.9844847675000681,0.0012715827126313004,CONFIRMED,CONFIRMED
0.004445441849844978,0.0006449362387637374,0.9949096219113912,FALSE POSITIVE,FALSE POSITIVE
0.04319114392986435,0.00044600303222159116,0.956362853037914,FALSE POSITIVE,FALSE POSITIVE
0.4414202788878752,0.5494372298746565,0.009142491237468445,CONFIRMED,CONFIRMED
0.016338243459066645,0.9764246803556648,0.007237076185268486,CONFIRMED,CONFIRMED
0.6719052702774114,0.31292539908642836,0.015169330636160034,CANDIDATE,CANDIDATE
0.7713914609373046,0.1336288505011621,0.09497968856153322,CANDIDATE,CANDIDATE
0.011292822252055175,0.9802724836093915,0.008434694138553243,CONFIRMED,CONFIRMED
0.04615722845342732,0.002643986358379659,0.951198785188193,CANDIDATE,FALSE POSITIVE
0.14130985773934382,0.23178359520762948,0.6269065470530266,FALSE POSITIVE,FALSE POSITIVE
0.9517421211832258,0.006030207753589753,0.04222767106318452,CANDIDATE,CANDIDATE
0.015148044848540421,0.01850457566196229,0.9663473794894972,CANDIDATE,FALSE POSITIVE
0.002709120508087317,0.00043124691329533165,0.9968596325786174,FALSE POSITIVE,FALSE POSITIVE
0.3771923536527697,0.0012150014065110649,0.6215926449407193,FALSE POSITIVE,FALSE POSITIVE
0.11418285934689058,0.8846450537377508,0.0011720869153585437,CONFIRMED,CONFIRMED
0.019341148713121068,0.9791233308285808,0.0015355204582980489,CONFIRMED,CONFIRMED
0.014179743132694992,0.9845209896178797,0.0012992672494252474,CONFIRMED,CONFIRMED
0.9947559859270266,0.0019090333222000443,0.0033349807507734412,CONFIRMED,CANDIDATE
0.0014981867521994714,0.0018521914676475116,0.996649621780153,FALSE POSITIVE,FALSE POSITIVE
0.0014474075744974606,0.0004842641237552278,0.9980683283017473,FALSE POSITIVE,FALSE POSITIVE
0.0020824100830375354,0.0012527319094590061,0.9966648580075035,FALSE POSITIVE,FALSE POSITIVE
0.4080137071054081,0.5875849948467644,0.004401298047827372,CONFIRMED,CONFIRMED
0.0018865919769352746,0.0005030474238325866,0.9976103605992322,FALSE POSITIVE,FALSE POSITIVE
0.002628024767679416,0.0007999887892250206,0.9965719864430955,FALSE POSITIVE,FALSE POSITIVE
0.006415024542219243,0.0006661721486481066,0.9929188033091326,FALSE POSITIVE,FALSE POSITIVE
0.0025013695941890797,0.0014484734029447475,0.9960501570028663,FALSE POSITIVE,FALSE POSITIVE
0.17863449940719386,0.8176646794513613,0.0037008211414449304,CONFIRMED,CONFIRMED
0.0021602895561701973,0.0007037928056311244,0.9971359176381986,FALSE POSITIVE,FALSE POSITIVE
0.05132840145523581,0.005516953366295122,0.9431546451784691,FALSE POSITIVE,FALSE POSITIVE
0.9748431977214455,0.02059768942938631,0.0045591128491682025,CANDIDATE,CANDIDATE
0.8106053392127089,0.0046580313518154535,0.18473662943547556,CANDIDATE,CANDIDATE
0.16739330516991002,0.007360129986222336,0.8252465648438676,FALSE POSITIVE,FALSE POSITIVE
0.006204939728627391,0.0005021590554382306,0.9932929012159344,FALSE POSITIVE,FALSE POSITIVE
0.1486210734464464,0.8013946551878978,0.04998427136565586,CONFIRMED,CONFIRMED
0.04792297329499084,0.0007461286645741853,0.9513308980404351,FALSE POSITIVE,FALSE POSITIVE
0.2962857096802902,0.695031419632544,0.00868287068716572,CONFIRMED,CONFIRMED
0.22626380134208685,0.002287172964027605,0.7714490256938856,CANDIDATE,FALSE POSITIVE
0.03285575996811107,0.6932081119605464,0.2739361280713425,CONFIRMED,CONFIRMED
0.0072264883284797075,0.0019031994932440532,0.9908703121782764,FALSE POSITIVE,FALSE POSITIVE
0.019408599456594764,0.9794300360892951,0.0011613644541103082,CANDIDATE,CONFIRMED
0.08082766192095409,0.002551180808074784,0.916621157270971,FALSE POSITIVE,FALSE POSITIVE
0.0006643021754991668,0.00063695311735689,0.9986987447071439,FALSE POSITIVE,FALSE POSITIVE
0.20162328175489763,0.7971251310470653,0.0012515871980371645,CONFIRMED,CONFIRMED
0.452334587900833,0.5449520819150465,0.0027133301841205724,CONFIRMED,CONFIRMED
0.12867036082658895,0.8694233933568993,0.0019062458165118614,CANDIDATE,CONFIRMED
0.11941276904546985,0.8787165996078425,0.0018706313466875866,CONFIRMED,CONFIRMED
0.009141535055152458,0.0008642214174132065,0.9899942435274343,FALSE POSITIVE,FALSE POSITIVE
0.27558596795156065,0.7232849014594405,0.0011291305889989138,CANDIDATE,CONFIRMED
0.005538822775667191,0.0003930014181237091,0.9940681758062091,FALSE POSITIVE,FALSE POSITIVE
0.002780835764707098,0.9962848536940756,0.0009343105412172498,CONFIRMED,CONFIRMED
0.3143216577818268,0.6795690144396207,0.006109327778552501,CONFIRMED,CONFIRMED
0.004126000246732982,0.9929972363400973,0.002876763413169759,CONFIRMED,CONFIRMED
0.005628867104769391,0.0007603789526500554,0.9936107539425805,CANDIDATE,FALSE POSITIVE
0.18794746755430286,0.002587121467740689,0.8094654109779564,CANDIDATE,FALSE POSITIVE
0.005320362793093824,0.00037520442483580534,0.9943044327820704,FALSE POSITIVE,FALSE POSITIVE
0.5147590895763702,0.48140846065889853,0.0038324497647313042,CONFIRMED,CANDIDATE
0.6522986823726248,0.01856574332392156,0.3291355743034537,CANDIDATE,CANDIDATE
0.03503381058324666,0.9636775925394574,0.0012885968772960795,CONFIRMED,CONFIRMED
0.961442088750287,0.036092668738855783,0.0024652425108572665,CANDIDATE,CANDIDATE
0.1806840762230732,0.8169830958632036,0.002332827913723251,CONFIRMED,CONFIRMED
0.04140549112973335,0.9560247994008014,0.002569709469465189,CONFIRMED,CONFIRMED
0.0032035587097742485,0.0006636343459376337,0.9961328069442881,FALSE POSITIVE,FALSE POSITIVE
0.008230996789559944,0.9907291587567908,0.0010398444536491409,CONFIRMED,CONFIRMED
0.9698404401448611,0.025380901613094968,0.004778658242043878,CANDIDATE,CANDIDATE
0.0380196751903691,0.0005115259404687194,0.9614687988691623,FALSE POSITIVE,FALSE POSITIVE
0.0021180015014850475,0.0004020831544852752,0.9974799153440297,FALSE POSITIVE,FALSE POSITIVE
0.0030131520721811272,0.000876615968740211,0.9961102319590788,FALSE POSITIVE,FALSE POSITIVE
0.5162280625262364,0.013266840971311417,0.47050509650245226,CANDIDATE,CANDIDATE
0.34327062249965634,0.6557941096871553,0.0009352678131882569,CONFIRMED,CONFIRMED
0.9552062192859528,0.0007739850136405035,0.04401979570040672,CANDIDATE,CANDIDATE
0.03852850714044868,0.9596298264511356,0.0018416664084157735,CONFIRMED,CONFIRMED
0.11639336833633356,0.8795489127110787,0.004057718952587762,CONFIRMED,CONFIRMED
0.004465134360388572,0.00045239459569090996,0.9950824710439206,FALSE POSITIVE,FALSE POSITIVE
0.27535652538817773,0.7224463560951105,0.002197118516711669,CONFIRMED,CONFIRMED
0.22262835019362387,0.7752697627531577,0.0021018870532183895,CANDIDATE,CONFIRMED
0.22337469942996882,0.7750897258551155,0.0015355747149158323,CANDIDATE,CONFIRMED
0.033882619924193155,0.96197750792619,0.004139872149616716,CONFIRMED,CONFIRMED
0.01455010860231215,0.0014189156070326166,0.9840309757906552,FALSE POSITIVE,FALSE POSITIVE
0.008567311913844857,0.0014405019651897292,0.9899921861209655,FALSE POSITIVE,FALSE POSITIVE
0.11540983869325849,0.0020142674211188986,0.8825758938856226,FALSE POSITIVE,FALSE POSITIVE
0.018069647170081433,0.0007925234141192336,0.9811378294157994,FALSE POSITIVE,FALSE POSITIVE
0.023898217575513678,0.059849515736248644,0.9162522666882377,FALSE POSITIVE,FALSE POSITIVE
0.008147238576903158,0.0003151198841674531,0.9915376415389294,FALSE POSITIVE,FALSE POSITIVE
0.03229369371341553,0.9659371890436071,0.0017691172429773305,CONFIRMED,CONFIRMED
0.003355128306474368,0.013370602066628556,0.9832742696268972,FALSE POSITIVE,FALSE POSITIVE
0.2526574841612432,0.7417701906424418,0.005572325196314964,CANDIDATE,CONFIRMED
0.6207506682170744,0.3096677214399494,0.06958161034297612,CONFIRMED,CANDIDATE
0.004195020796412163,0.0008657262370456257,0.9949392529665423,FALSE POSITIVE,FALSE POSITIVE
0.0025584294176671848,0.0006056186336977483,0.9968359519486351,FALSE POSITIVE,FALSE POSITIVE
0.0012608175360255352,0.00048331040416664284,0.9982558720598078,FALSE POSITIVE,FALSE POSITIVE
0.019542303228363245,0.9777566478346225,0.0027010489370141648,CONFIRMED,CONFIRMED
0.06796847448783723,0.9296852706102778,0.002346254901884918,CANDIDATE,CONFIRMED
0.04068988637882474,0.003879058264422746,0.9554310553567525,FALSE POSITIVE,FALSE POSITIVE
0.016373587388389624,0.9813053930303411,0.0023210195812692416,CONFIRMED,CONFIRMED
0.8326693043615012,0.11091659813374175,0.05641409750475696,CONFIRMED,CANDIDATE
0.1346820410047253,0.8291093341735403,0.036208624821734474,CONFIRMED,CONFIRMED
0.04512203383812654,0.0006826390996325536,0.9541953270622409,FALSE POSITIVE,FALSE POSITIVE
0.022712918593521286,0.0016856408632110857,0.9756014405432677,CANDIDATE,FALSE POSITIVE
0.006493135844649305,0.9903871023538361,0.0031197618015145283,CONFIRMED,CONFIRMED
0.12714780666307363,0.0026700049473476796,0.8701821883895787,FALSE POSITIVE,FALSE POSITIVE
0.11731363612832546,0.8810090592546921,0.001677304616982513,CONFIRMED,CONFIRMED
0.9823392914818835,0.011242980957837684,0.006417727560278803,CANDIDATE,CANDIDATE
0.047938959439587064,0.0016678283427967238,0.9503932122176162,FALSE POSITIVE,FALSE POSITIVE
0.866805496708733,0.09341035205072515,0.0397841512405418,CANDIDATE,CANDIDATE
0.410872865693884,0.5841651879875054,0.004961946318610749,CONFIRMED,CONFIRMED
0.001365309663167279,0.0014063350388970127,0.9972283552979359,FALSE POSITIVE,FALSE POSITIVE
0.012477792044508546,0.9842026867574577,0.0033195211980338144,CONFIRMED,CONFIRMED
0.11304444894799437,0.87591116267739,0.011044388374615502,CONFIRMED,CONFIRMED
0.9330941682112678,0.05778504772699393,0.009120784061738291,CANDIDATE,CANDIDATE
0.01053510033360381,0.0009743957228859167,0.9884905039435103,FALSE POSITIVE,FALSE POSITIVE
0.16583889603395355,0.8318096443640256,0.0023514596020207646,CANDIDATE,CONFIRMED
0.011441786254409003,0.9870194434996484,0.001538770245942752,CONFIRMED,CONFIRMED
0.16982224408006955,0.8289490554906936,0.001228700429236798,CONFIRMED,CONFIRMED
0.009471967361253579,0.0009772677013173906,0.989550764937429,FALSE POSITIVE,FALSE POSITIVE
0.0035814836191430796,0.0005218690774321439,0.9958966473034248,FALSE POSITIVE,FALSE POSITIVE
0.004640634480565545,0.001641717494861335,0.9937176480245731,FALSE POSITIVE,FALSE POSITIVE
0.007907946511807951,0.024441325713432976,0.967650727774759,FALSE POSITIVE,FALSE POSITIVE
0.0017281799409177912,0.0005147210783204958,0.9977570989807618,FALSE POSITIVE,FALSE POSITIVE
0.008554883096374864,0.00187257533798475,0.9895725415656405,FALSE POSITIVE,FALSE POSITIVE
0.003635521890442826,0.0009864769303392375,0.9953780011792178,FALSE POSITIVE,FALSE POSITIVE
0.001545784778917471,0.0008478698080248586,0.9976063454130576,FALSE POSITIVE,FALSE POSITIVE
0.11944311557812158,0.002277596912838343,0.87827928750904,FALSE POSITIVE,FALSE POSITIVE
0.0038357564796468895,0.0004441507455867521,0.9957200927747665,FALSE POSITIVE,FALSE POSITIVE
0.010660866626125597,0.000570669245169348,0.988768464128705,FALSE POSITIVE,FALSE POSITIVE
0.025785026096088823,0.9727410541050463,0.001473919798864913,CONFIRMED,CONFIRMED
0.0010122512440262563,0.0003945119459343783,0.9985932368100394,FALSE POSITIVE,FALSE POSITIVE
0.20513712678779297,0.7830966962384464,0.011766176973760593,CANDIDATE,CONFIRMED
0.9489778044916053,0.03755206037235721,0.013470135136037458,CANDIDATE,CANDIDATE
0.017412433615981427,0.0010213072817524256,0.981566259102266,FALSE POSITIVE,FALSE POSITIVE
0.8246843926506534,0.17158556039825346,0.003730046951093071,CONFIRMED,CANDIDATE
0.9313982347180889,0.009465832791414035,0.05913593249049702,CANDIDATE,CANDIDATE
0.04110068866638233,0.9561848033310915,0.0027145080025261607,CONFIRMED,CONFIRMED
0.002255947440152773,0.0004510944511456713,0.9972929581087017,FALSE POSITIVE,FALSE POSITIVE
0.020315289992149363,0.962887617371512,0.01679709263633858,CONFIRMED,CONFIRMED
0.8319086853218074,0.13628419178924958,0.03180712288894299,CANDIDATE,CANDIDATE
0.056843059911964575,0.9196198840605615,0.023537056027473826,CANDIDATE,CONFIRMED
0.777319730879832,0.22063754584787837,0.0020427232722896303,CONFIRMED,CANDIDATE
0.03676138914330516,0.958085645404029,0.00515296545266595,CONFIRMED,CONFIRMED
0.01943309296700328,0.9793894024704805,0.0011775045625162016,CONFIRMED,CONFIRMED
0.015443017032316797,0.9395217268452,0.04503525612248331,CONFIRMED,CONFIRMED
0.03077989907044912,0.9673072393133565,0.0019128616161943244,CONFIRMED,CONFIRMED
0.009139031065930977,0.0006250238920037936,0.9902359450420652,FALSE POSITIVE,FALSE POSITIVE
0.584431379752312,0.41163707705597846,0.003931543191709542,CONFIRMED,CANDIDATE
0.002169643680233909,0.0002890148977951587,0.997541341421971,FALSE POSITIVE,FALSE POSITIVE
0.021281321152851036,0.0007743382290164876,0.9779443406181324,FALSE POSITIVE,FALSE POSITIVE
0.8245922050443136,0.005115532125232117,0.17029226283045423,CANDIDATE,CANDIDATE
0.006000281974456709,0.0005045145016027952,0.9934952035239404,FALSE POSITIVE,FALSE POSITIVE
0.04477394162342002,0.953488472511974,0.0017375858646059587,CONFIRMED,CONFIRMED
0.9278072801205847,0.06711691050377898,0.005075809375636357,CANDIDATE,CANDIDATE
0.006125938142718369,0.0005580616700894539,0.9933160001871922,FALSE POSITIVE,FALSE POSITIVE
0.2274772357896261,0.7665039258380315,0.006018838372342411,CANDIDATE,CONFIRMED
0.001720684341163984,0.0015207763495611833,0.9967585393092748,FALSE POSITIVE,FALSE POSITIVE
0.011744465455102307,0.0019441285372052068,0.9863114060076925,FALSE POSITIVE,FALSE POSITIVE
0.0023334240632588467,0.001420641002136633,0.9962459349346044,FALSE POSITIVE,FALSE POSITIVE
0.05044971686101484,0.002043156128506748,0.9475071270104785,CANDIDATE,FALSE POSITIVE
0.003002950241444622,0.0015056171409505395,0.9954914326176049,FALSE POSITIVE,FALSE POSITIVE
0.847298948963591,0.14247501074038652,0.010226040296022516,CANDIDATE,CANDIDATE
0.8631464519144247,0.019135140083201507,0.1177184080023738,CANDIDATE,CANDIDATE
0.07972015836303024,0.9164252179525105,0.0038546236844592486,CONFIRMED,CONFIRMED
0.19215448196176402,0.8062417693276552,0.0016037487105808714,CONFIRMED,CONFIRMED
0.0018441616807491463,0.0009334581056754389,0.9972223802135753,FALSE POSITIVE,FALSE POSITIVE
0.5422114933888694,0.0006334074779303888,0.4571550991332003,FALSE POSITIVE,CANDIDATE
0.010041792706439776,0.9888892352670224,0.0010689720265376946,CONFIRMED,CONFIRMED
0.9863225900484965,0.008932247044196838,0.004745162907306615,CANDIDATE,CANDIDATE
0.0027864420401501715,0.0015206125955391338,0.9956929453643106,FALSE POSITIVE,FALSE POSITIVE
0.9951440818265436,0.0011485993862829795,0.0037073187871733844,CANDIDATE,CANDIDATE
0.9829253851459315,0.0027473476473781865,0.014327267206690303,CANDIDATE,CANDIDATE
0.01877377426901959,0.0021913140215999724,0.9790349117093805,FALSE POSITIVE,FALSE POSITIVE
0.06101629551873919,0.0021183215061874494,0.9368653829750734,FALSE POSITIVE,FALSE POSITIVE
0.0014682916006439279,0.0005432043642635969,0.9979885040350924,FALSE POSITIVE,FALSE POSITIVE
0.01151068871870757,0.986411227430835,0.0020780838504574806,CONFIRMED,CONFIRMED
0.15605319185280186,0.8350717216938557,0.008875086453342595,CANDIDATE,CONFIRMED
0.1907942107200284,0.7919864736337653,0.017219315646206105,CONFIRMED,CONFIRMED
0.0029429013951817002,0.0005847041654910263,0.9964723944393271,FALSE POSITIVE,FALSE POSITIVE
0.009776128516886248,0.9844748625288066,0.005749008954307214,CONFIRMED,CONFIRMED
0.0013423570876672734,0.0004983180936114935,0.9981593248187214,FALSE POSITIVE,FALSE POSITIVE
0.003908540995923127,0.9949911563182704,0.0011003026858064282,CONFIRMED,CONFIRMED
0.0031529103619740997,0.000860131984145358,0.9959869576538806,FALSE POSITIVE,FALSE POSITIVE
0.06989224843758962,0.9285805652671361,0.001527186295274409,CONFIRMED,CONFIRMED
0.15242148225052723,0.8453289270909596,0.0022495906585131837,CONFIRMED,CONFIRMED
0.012574864834866608,0.02488733906532205,0.9625377960998114,FALSE POSITIVE,FALSE POSITIVE
0.001822902336903721,0.011216152831881586,0.9869609448312145,FALSE POSITIVE,FALSE POSITIVE
0.022226277583447984,0.1244203087942242,0.8533534136223279,FALSE POSITIVE,FALSE POSITIVE
0.979168506105473,0.013558946405470947,0.007272547489055939,CANDIDATE,CANDIDATE
0.41252616429400824,0.0007291600979553433,0.5867446756080364,FALSE POSITIVE,FALSE POSITIVE
0.004621786312681654,0.0004495009416379061,0.9949287127456805,FALSE POSITIVE,FALSE POSITIVE
0.0054674434650430455,0.0010815646352506554,0.9934509918997063,FALSE POSITIVE,FALSE POSITIVE
0.9732434100641775,0.0017381147997884993,0.025018475136034026,CANDIDATE,CANDIDATE
0.0003863785598384526,0.00047291464376699865,0.9991407067963947,FALSE POSITIVE,FALSE POSITIVE
0.9053778942950592,0.09021506889535987,0.004407036809581015,CANDIDATE,CANDIDATE
0.2621213206266627,0.0006445697280839208,0.7372341096452533,FALSE POSITIVE,FALSE POSITIVE
0.03702666885964687,0.039463043234669176,0.923510287905684,FALSE POSITIVE,FALSE POSITIVE
0.0019313079412932753,0.0008458179455641168,0.9972228741131426,FALSE POSITIVE,FALSE POSITIVE
0.011503066645571247,0.0004929839003345865,0.9880039494540942,FALSE POSITIVE,FALSE POSITIVE
0.18856986083245109,0.8085991047033813,0.0028310344641676232,CANDIDATE,CONFIRMED
0.01561909795814468,0.0004097592911437877,0.9839711427507116,FALSE POSITIVE,FALSE POSITIVE
0.0005755570020896452,0.00031827337700273057,0.9991061696209076,FALSE POSITIVE,FALSE POSITIVE
0.8108786655237654,0.1796058174400761,0.009515517036158492,FALSE POSITIVE,CANDIDATE
0.0009052499401253062,0.0005335016459075734,0.9985612484139671,FALSE POSITIVE,FALSE POSITIVE
0.006289093167916449,0.9922921579348263,0.0014187488972574177,CONFIRMED,CONFIRMED
0.04986365707899738,0.9488548422788451,0.001281500642157539,CONFIRMED,CONFIRMED
0.0017140140812002174,0.0005299815283647791,0.9977560043904349,FALSE POSITIVE,FALSE POSITIVE
0.003222593491499182,0.0008989393372198041,0.995878467171281,FALSE POSITIVE,FALSE POSITIVE
0.0014453043331887252,0.00047645382991609597,0.9980782418368952,FALSE POSITIVE,FALSE POSITIVE
0.9302140605550411,0.06476272118087965,0.0050232182640792536,CANDIDATE,CANDIDATE
0.10854923206513327,0.8856434482060909,0.005807319728775935,CONFIRMED,CONFIRMED
0.9359263932841342,0.0026512696933645116,0.06142233702250135,FALSE POSITIVE,CANDIDATE
0.022727706565216766,0.9421258116608279,0.03514648177395541,CONFIRMED,CONFIRMED
0.003318720459710793,0.0004095710616390048,0.9962717084786502,FALSE POSITIVE,FALSE POSITIVE
0.2679820111887729,0.7272753782979026,0.004742610513324498,CONFIRMED,CONFIRMED
0.9794688267807912,0.0005566635418838014,0.019974509677325097,FALSE POSITIVE,CANDIDATE
0.0036689549368677343,0.0007211583639662752,0.995609886699166,FALSE POSITIVE,FALSE POSITIVE
0.006930739462918403,0.00043733824230671046,0.9926319222947748,FALSE POSITIVE,FALSE POSITIVE
0.004859487129403325,0.0003404346743460314,0.9948000781962506,FALSE POSITIVE,FALSE POSITIVE
0.035672330127648894,0.8921056499225983,0.07222201994975284,CONFIRMED,CONFIRMED
0.02611104478394137,0.9407617118561057,0.03312724335995302,CONFIRMED,CONFIRMED
0.0022721104478515878,0.0007944161200150365,0.9969334734321333,FALSE POSITIVE,FALSE POSITIVE
0.00518613989068048,0.0010641931764180416,0.9937496669329016,FALSE POSITIVE,FALSE POSITIVE
0.0028582773776271034,0.0028054624911444817,0.9943362601312283,FALSE POSITIVE,FALSE POSITIVE
0.911555651956432,0.0406257613919659,0.04781858665160212,CANDIDATE,CANDIDATE
0.012415350096444998,0.9864071740993218,0.0011774758042332762,CONFIRMED,CONFIRMED
0.019596901658997364,0.008208217414891538,0.9721948809261111,FALSE POSITIVE,FALSE POSITIVE
0.010127872782637522,0.9883772984365768,0.0014948287807856524,CONFIRMED,CONFIRMED
0.0022165427994524462,0.0002989858984514988,0.9974844713020959,FALSE POSITIVE,FALSE POSITIVE
0.04438838847592978,0.055514298402853546,0.9000973131212167,FALSE POSITIVE,FALSE POSITIVE
0.003921454078873809,0.9943149474496976,0.0017635984714286315,CONFIRMED,CONFIRMED
0.00863153119977333,0.0029736823048418857,0.9883947864953848,FALSE POSITIVE,FALSE POSITIVE
0.0014813460473649888,0.0012250582794470792,0.997293595673188,FALSE POSITIVE,FALSE POSITIVE
0.016817686078830572,0.9770069076325609,0.006175406288608455,CONFIRMED,CONFIRMED
0.9901441866545053,0.0029929057051294203,0.0068629076403652995,CANDIDATE,CANDIDATE
0.0987628748655576,0.898803236101111,0.0024338890333313553,CONFIRMED,CONFIRMED
0.0017154652755544749,0.0012495303203888732,0.9970350044040566,FALSE POSITIVE,FALSE POSITIVE
0.013279530255935531,0.9849818657919623,0.0017386039521021422,CONFIRMED,CONFIRMED
0.0007866589400182875,0.0004419488500636662,0.9987713922099182,FALSE POSITIVE,FALSE POSITIVE
0.20667172720740318,0.0014651541154080225,0.7918631186771887,FALSE POSITIVE,FALSE POSITIVE
0.9765642033543723,0.013498595608313778,0.009937201037313931,CANDIDATE,CANDIDATE
0.9140851687626736,0.0031297181389280597,0.0827851130983983,CANDIDATE,CANDIDATE
0.06622327267075968,0.0007039961954861952,0.933072731133754,FALSE POSITIVE,FALSE POSITIVE
0.12237490544058319,0.8726986071371484,0.004926487422268496,CONFIRMED,CONFIRMED
0.2876428514038368,0.7098711513024335,0.002485997293729798,CANDIDATE,CONFIRMED
