kepid,tce_plnt_num,kepoi_name,koi_disposition,CANDIDATE,CONFIRMED,FALSE POSITIVE,y_pred
11446443,1,K00001.01,CONFIRMED,0.015200995957421,0.983832286795838,0.0009667172467411916,CONFIRMED
10666592,1,K00002.01,CONFIRMED,0.045175188343273553,0.9080950516362606,0.04672976002046573,CONFIRMED
10748390,1,K00003.01,CONFIRMED,0.06538540166671589,0.7954898070294589,0.1391247913038252,CONFIRMED
3861595,1,K00004.01,CONFIRMED,0.029389342631683132,0.9476661540538001,0.022944503314516782,CONFIRMED
8554498,1,K00005.01,CANDIDATE,0.9706227502903945,0.02690207442041194,0.002475175289193696,CANDIDATE
3248033,1,K00006.01,FALSE POSITIVE,0.0009573072279580355,0.00414096646421485,0.994901726307827,FALSE POSITIVE
11853905,1,K00007.01,CONFIRMED,0.001900916936793112,0.9976329919521162,0.000466091111090852,CONFIRMED
5903312,1,K00008.01,FALSE POSITIVE,0.0008772652192186584,0.0002675784324018481,0.9988551563483798,FALSE POSITIVE
11553706,1,K00009.01,FALSE POSITIVE,0.0035656549629191894,0.0014907292143306792,0.99494361582275,FALSE POSITIVE
6922244,1,K00010.01,CONFIRMED,0.013153129150734804,0.9846774881298582,0.0021693827194068462,CONFIRMED
11913073,1,K00011.01,FALSE POSITIVE,0.001246939058317037,0.0009084980383,0.9978445629033831,FALSE POSITIVE
5812701,1,K00012.01,CONFIRMED,0.012046490155169213,0.9852481693694037,0.0027053404754270893,CONFIRMED
9941662,1,K00013.01,CONFIRMED,0.011865101307432348,0.9793229347853546,0.008811963907213042,CONFIRMED
7684873,1,K00014.01,FALSE POSITIVE,0.0057834391224454995,0.0013788556366131877,0.9928377052409413,FALSE POSITIVE
3964562,1,K00015.01,FALSE POSITIVE,0.0025524748300197026,0.0017778866145699312,0.9956696385554101,FALSE POSITIVE
9110357,1,K00016.01,FALSE POSITIVE,0.0018179607846721903,0.0012997318173986092,0.9968823073979292,FALSE POSITIVE
10874614,1,K00017.01,CONFIRMED,0.0014169353933646623,0.997994435689998,0.0005886289166373667,CONFIRMED
8191672,1,K00018.01,CONFIRMED,0.0032642383334066227,0.9923141234499417,0.004421638216651467,CONFIRMED
7255336,1,K00019.01,FALSE POSITIVE,0.0035522974922902167,0.0013154787331140258,0.9951322237745955,FALSE POSITIVE
11804465,1,K00020.01,CONFIRMED,0.08108355656517367,0.8513244823152074,0.06759196111961886,CONFIRMED
10125352,1,K00021.01,FALSE POSITIVE,0.0017424228498449281,0.000568956442538946,0.9976886207076159,FALSE POSITIVE
9631995,1,K00022.01,CONFIRMED,0.00203197852250559,0.9966518786343552,0.0013161428431393294,CONFIRMED
9071386,1,K00023.01,FALSE POSITIVE,0.009242737396557942,0.006437664406295463,0.9843195981971464,FALSE POSITIVE
4743513,1,K00024.01,FALSE POSITIVE,0.02380168434572971,0.0029526015885013835,0.973245714065769,FALSE POSITIVE
10593759,1,K00025.01,FALSE POSITIVE,0.0017846221292011856,0.0008370571654946808,0.9973783207053042,FALSE POSITIVE
5021737,1,K00026.01,FALSE POSITIVE,0.0013620857248481811,0.00046149796336160577,0.9981764163117901,FALSE POSITIVE
3832716,1,K00027.01,FALSE POSITIVE,0.0014839073215811552,0.0007563967701009583,0.997759695908318,FALSE POSITIVE
4247791,1,K00028.01,FALSE POSITIVE,0.0003081915171456461,0.00015537554166219047,0.999536432941192,FALSE POSITIVE
6956014,1,K00031.01,FALSE POSITIVE,0.001610188666809102,0.0027737285664603834,0.9956160827667306,FALSE POSITIVE
5725087,1,K00033.01,FALSE POSITIVE,0.0034229583771049543,0.0006929997764744165,0.9958840418464204,FALSE POSITIVE
6521045,1,K00041.01,CONFIRMED,0.00540136781742704,0.9938876349745811,0.0007109972079919545,CONFIRMED
6521045,2,K00041.02,CONFIRMED,0.023606629440599408,0.9710308033540151,0.005362567205385612,CONFIRMED
6521045,3,K00041.03,CONFIRMED,0.0022077307153086615,0.9975254435630933,0.00026682572159804043,CONFIRMED
8866102,1,K00042.01,CONFIRMED,0.10408666172066249,0.8636828031117613,0.032230535167576235,CONFIRMED
9025922,1,K00043.01,FALSE POSITIVE,0.0007517626757325134,0.00022249584353471174,0.9990257414807326,FALSE POSITIVE
8845026,1,K00044.01,FALSE POSITIVE,0.0012261502873579602,0.000521661281789484,0.9982521884308526,FALSE POSITIVE
3742855,1,K00045.01,FALSE POSITIVE,0.0010751600049381084,0.00038837882871694824,0.998536461166345,FALSE POSITIVE
10905239,1,K00046.01,CONFIRMED,0.002628848655520296,0.9963122271966772,0.0010589241478021992,CONFIRMED
10905239,2,K00046.02,CONFIRMED,0.04259103127480161,0.9555044286361288,0.0019045400890695759,CONFIRMED
7837302,1,K00048.01,FALSE POSITIVE,0.0002867128167814216,0.00014377184208919818,0.9995695153411295,FALSE POSITIVE
9527334,1,K00049.01,CONFIRMED,0.005194203613168847,0.9940301500803713,0.0007756463064598946,CONFIRMED
6056992,1,K00051.01,FALSE POSITIVE,0.0015040852133833612,0.0002970686539335613,0.998198846132683,FALSE POSITIVE
3558981,1,K00052.01,FALSE POSITIVE,0.006263207470594886,0.0007755234729981126,0.9929612690564072,FALSE POSITIVE
2445975,1,K00053.01,FALSE POSITIVE,0.008819396086072942,0.0009896701560164257,0.9901909337579105,FALSE POSITIVE
8248939,1,K00061.01,FALSE POSITIVE,0.0004318516065805962,0.00014887624960965897,0.99941927214381,FALSE POSITIVE
11554435,1,K00063.01,CONFIRMED,0.001818331257378287,0.9971197656643584,0.001061903078263376,CONFIRMED
7051180,1,K00064.01,CANDIDATE,0.95691737871699,0.03181066177505819,0.011271959507951734,CANDIDATE
10620329,1,K00066.01,FALSE POSITIVE,0.007003076749018308,0.0012939747901556387,0.991702948460826,FALSE POSITIVE
8669092,1,K00068.01,FALSE POSITIVE,0.007013531028557755,0.0014697040975862265,0.9915167648738558,FALSE POSITIVE
3544595,1,K00069.01,CONFIRMED,0.029638802411974752,0.9482968228505416,0.022064374737483624,CONFIRMED
6850504,1,K00070.01,CONFIRMED,0.0007496332172500122,0.9989692736528576,0.0002810931298920692,CONFIRMED
6850504,2,K00070.02,CONFIRMED,0.0008712788610267478,0.998771777111011,0.000356944027962283,CONFIRMED
6850504,3,K00070.03,CONFIRMED,0.0005628766990330375,0.9992685096790485,0.0001686136219184882,CONFIRMED
6850504,4,K00070.04,CONFIRMED,0.0014818889840099284,0.9981787184280615,0.000339392587928576,CONFIRMED
6850504,5,K00070.05,CONFIRMED,0.006991539983731772,0.9927450475046699,0.00026341251159823245,CONFIRMED
11904151,1,K00072.01,CONFIRMED,0.0044351618779853875,0.9936453522980654,0.0019194858239492318,CONFIRMED
11904151,2,K00072.02,CONFIRMED,0.044998824002501096,0.8716411631992637,0.08336001279823531,CONFIRMED
6889235,1,K00074.01,FALSE POSITIVE,0.002612563702601046,0.004098627911526865,0.9932888083858719,FALSE POSITIVE
7199397,1,K00075.01,CANDIDATE,0.9046624929787869,0.01900257409555955,0.07633493292565363,CANDIDATE
9955262,1,K00076.01,FALSE POSITIVE,0.029378172299030725,0.003699104420249764,0.9669227232807195,FALSE POSITIVE
9552608,1,K00080.01,FALSE POSITIVE,0.0020108434353994682,0.000535374944476069,0.9974537816201242,FALSE POSITIVE
8823868,1,K00081.01,FALSE POSITIVE,0.004061875550258941,0.0028381733205714143,0.9930999511291695,FALSE POSITIVE
10187017,1,K00082.01,CONFIRMED,0.0010230535401289406,0.9986323440756684,0.0003446023842025241,CONFIRMED
10187017,2,K00082.02,CONFIRMED,0.0016433131841011425,0.9978337728847408,0.000522913931157878,CONFIRMED
10187017,3,K00082.03,CONFIRMED,0.001634585698586701,0.9976104401966183,0.00075497410479502,CONFIRMED
10187017,4,K00082.04,CONFIRMED,0.006442640649506429,0.9912733316678336,0.0022840276826601533,CONFIRMED
10187017,5,K00082.05,CONFIRMED,0.011752257205082507,0.9866300688332703,0.0016176739616472649,CONFIRMED
10187017,6,K00082.06,CANDIDATE,0.9855535067587814,0.0067521786259701275,0.0076943146152485846,CANDIDATE
2571238,1,K00084.01,CONFIRMED,0.008427092530899674,0.9901622428060615,0.0014106646630389524,CONFIRMED
5866724,1,K00085.01,CONFIRMED,0.06868505422008452,0.8832750606707647,0.04803988510915084,CONFIRMED
5866724,2,K00085.02,CONFIRMED,0.006819411096125851,0.9922743846223452,0.0009062042815288893,CONFIRMED
5866724,3,K00085.03,CONFIRMED,0.0010435054284679982,0.9987041874213756,0.0002523071501563184,CONFIRMED
10593626,1,K00087.01,CONFIRMED,0.010967327169797206,0.9817153592911203,0.007317313539082649,CONFIRMED
7700871,1,K00088.01,FALSE POSITIVE,0.0013308284050516602,0.001432293451556517,0.997236878143392,FALSE POSITIVE
8056665,1,K00089.01,CONFIRMED,0.011310162514692572,0.9873380123281426,0.001351825157164906,CONFIRMED
8056665,2,K00089.02,CANDIDATE,0.9702305839411066,0.026962073356176803,0.00280734270271638,CANDIDATE
9210823,1,K00090.01,FALSE POSITIVE,0.0014817962697235973,0.0017882441968806585,0.9967299595333958,FALSE POSITIVE
7941200,1,K00092.01,CANDIDATE,0.9428684419859535,0.051172435525410634,0.00595912248863574,CANDIDATE
6462863,1,K00094.01,CONFIRMED,0.002180837984230748,0.9961656117252634,0.0016535502905057845,CONFIRMED
6462863,2,K00094.02,CONFIRMED,0.003513324821290087,0.9954387455392261,0.001047929639483775,CONFIRMED
6462863,3,K00094.03,CONFIRMED,0.0013901268103696633,0.9983321806136739,0.0002776925759561807,CONFIRMED
6462863,4,K00094.04,CONFIRMED,0.0036934911863103935,0.9956405914833156,0.000665917330373813,CONFIRMED
5780885,1,K00097.01,CONFIRMED,0.009145720923028903,0.9782254693935323,0.012628809683438756,CONFIRMED
10264660,1,K00098.01,CONFIRMED,0.00406313504358911,0.9936179504972229,0.002318914459187824,CONFIRMED
4055765,1,K00100.01,CANDIDATE,0.9440469454652535,0.01570871922627639,0.04024433530847008,CANDIDATE
8456679,1,K00102.01,CANDIDATE,0.9765337599527377,0.01454658661457416,0.00891965343268825,CANDIDATE
8456679,2,K00102.02,FALSE POSITIVE,0.012447919250683016,0.026295733047370116,0.9612563477019468,FALSE POSITIVE
2444412,1,K00103.01,CANDIDATE,0.4270884013600405,0.5428135661158641,0.030098032524095337,CONFIRMED
10318874,1,K00104.01,CONFIRMED,0.011948402562597325,0.9871394067988688,0.0009121906385340894,CONFIRMED
8711794,1,K00105.01,CONFIRMED,0.008307098868578548,0.9906155021668062,0.0010773989646152928,CONFIRMED
10489525,1,K00106.01,FALSE POSITIVE,0.001503707248826019,0.0007059617038331621,0.9977903310473406,FALSE POSITIVE
11250587,1,K00107.01,CONFIRMED,0.0013770448089364142,0.9983180592233751,0.00030489596768835833,CONFIRMED
4914423,1,K00108.01,CONFIRMED,0.0017603083792335078,0.9975384543814341,0.0007012372393323418,CONFIRMED
4914423,2,K00108.02,CONFIRMED,0.011443472327414737,0.9874299678826229,0.0011265597899621426,CONFIRMED
4752451,1,K00109.01,FALSE POSITIVE,0.0008179472145345598,0.0007389323409418911,0.9984431204445238,FALSE POSITIVE
9450647,1,K00110.01,CONFIRMED,0.0035151683071685245,0.995892393296135,0.0005924383966963172,CONFIRMED
6678383,1,K00111.01,CONFIRMED,0.001905056669757256,0.9974434502271716,0.0006514931030710946,CONFIRMED
6678383,2,K00111.02,CONFIRMED,0.0011412002151900788,0.9981120768009094,0.000746722983900379,CONFIRMED
6678383,3,K00111.03,CONFIRMED,0.0013414827109795462,0.9982812692120059,0.00037724807701485695,CONFIRMED
10984090,1,K00112.01,CONFIRMED,0.0015100701834540064,0.9982310445204531,0.0002588852960927122,CONFIRMED
10984090,2,K00112.02,CONFIRMED,0.0033891999651742295,0.9960665803511938,0.0005442196836318024,CONFIRMED
6721123,1,K00114.01,FALSE POSITIVE,0.0003576315365706438,0.00028863776203706134,0.9993537307013922,FALSE POSITIVE
9579641,1,K00115.01,CONFIRMED,0.0019854696516111822,0.9976867416381253,0.00032778871026324066,CONFIRMED
9579641,2,K00115.02,CONFIRMED,0.0009217637436777343,0.9987137726354071,0.00036446362091529215,CONFIRMED
9579641,3,K00115.03,CANDIDATE,0.9841807311912274,0.009557730202485163,0.006261538606287377,CANDIDATE
8395660,1,K00116.01,CONFIRMED,0.0010999469270253368,0.9987111046396511,0.00018894843332337898,CONFIRMED
8395660,2,K00116.02,CONFIRMED,0.0024126981003912834,0.9972590791913543,0.00032822270825451556,CONFIRMED
8395660,3,K00116.03,CONFIRMED,0.022841538764601273,0.9759645463947161,0.001193914840682641,CONFIRMED
8395660,4,K00116.04,CONFIRMED,0.011031712620725689,0.9886909361538513,0.0002773512254229302,CONFIRMED
10875245,1,K00117.01,CONFIRMED,0.001048550858891292,0.9986296704694946,0.00032177867161414494,CONFIRMED
10875245,2,K00117.02,CONFIRMED,0.0029479579239450895,0.9963159568724966,0.000736085203558393,CONFIRMED
10875245,3,K00117.03,CONFIRMED,0.005914146930545051,0.9921944026707432,0.0018914503987118342,CONFIRMED
10875245,4,K00117.04,CONFIRMED,0.04602729388149059,0.9443323565860509,0.009640349532458356,CONFIRMED
3531558,1,K00118.01,CONFIRMED,0.002484010315805324,0.9969895823313681,0.0005264073528264599,CONFIRMED
9471974,1,K00119.01,CONFIRMED,0.005943399609747662,0.991846081019232,0.0022105193710203735,CONFIRMED
9471974,2,K00119.02,CONFIRMED,0.009035022787340075,0.9891160068856143,0.0018489703270454544,CONFIRMED
11869052,1,K00120.01,CANDIDATE,0.9561336207001992,0.023775033958633625,0.020091345341167136,CANDIDATE
3247396,1,K00121.01,FALSE POSITIVE,0.0005543233669770782,0.000380087491382152,0.9990655891416406,FALSE POSITIVE
8349582,1,K00122.01,CONFIRMED,0.0028430488527341866,0.9966621755240564,0.0004947756232093517,CONFIRMED
5094751,1,K00123.01,CONFIRMED,0.0021167712118982536,0.9968917803995287,0.0009914483885727545,CONFIRMED
5094751,2,K00123.02,CONFIRMED,0.001809789935110211,0.9977071185862598,0.0004830914786298144,CONFIRMED
11086270,1,K00124.01,CONFIRMED,0.002788106893328488,0.994838077301109,0.0023738158055628413,CONFIRMED
11086270,2,K00124.02,CONFIRMED,0.003256637980999441,0.9962012640476907,0.0005420979713096693,CONFIRMED
11449844,1,K00125.01,CONFIRMED,0.006192486018242615,0.9880578983430788,0.005749615638678705,CONFIRMED
5897826,1,K00126.01,FALSE POSITIVE,0.0034928109576436543,0.0027646101519915763,0.9937425788903649,FALSE POSITIVE
5897826,2,K00126.02,CANDIDATE,0.9805318918622353,0.006950230444474132,0.012517877693290486,CANDIDATE
8359498,1,K00127.01,CONFIRMED,0.0017609993566939455,0.9976608482916474,0.0005781523516586538,CONFIRMED
11359879,1,K00128.01,CONFIRMED,0.005918636098096333,0.9922400021484341,0.0018413617534695891,CONFIRMED
11974540,1,K00129.01,CONFIRMED,0.006148889404661155,0.9858534170079111,0.007997693587427884,CONFIRMED
5297298,1,K00130.01,CANDIDATE,0.9035388362516878,0.029397998731554704,0.06706316501675752,CANDIDATE
7778437,1,K00131.01,CONFIRMED,0.005245072623998916,0.9912964224562174,0.0034585049197837794,CONFIRMED
8892910,1,K00132.01,FALSE POSITIVE,0.002063628939778129,0.0010834411957420045,0.9968529298644802,FALSE POSITIVE
11673674,1,K00133.01,FALSE POSITIVE,0.005165378191937459,0.00292058549869615,0.9919140363093661,FALSE POSITIVE
9032900,1,K00134.01,FALSE POSITIVE,0.0052901325738995714,0.0009669558073254504,0.9937429116187748,FALSE POSITIVE
9818381,1,K00135.01,CONFIRMED,0.0015904983881455217,0.9973199535695099,0.0010895480423446337,CONFIRMED
7601633,1,K00136.01,FALSE POSITIVE,0.007078112325389321,0.0027468700089013165,0.9901750176657093,FALSE POSITIVE
8644288,1,K00137.01,CONFIRMED,0.001021551339829662,0.998354597316445,0.0006238513437251596,CONFIRMED
8644288,2,K00137.02,CONFIRMED,0.0011296320962585816,0.9986188217569621,0.00025154614677916397,CONFIRMED
8644288,3,K00137.03,CONFIRMED,0.0010276940177502822,0.9987403122422829,0.00023199373996663294,CONFIRMED
8506766,1,K00138.01,FALSE POSITIVE,0.004816189565609255,0.0013183603479846784,0.993865450086406,FALSE POSITIVE
8559644,1,K00139.01,CONFIRMED,0.009552390649009328,0.9889895121099838,0.0014580972410067504,CONFIRMED
8559644,2,K00139.02,CONFIRMED,0.004171153913247389,0.9950033849188408,0.0008254611679117161,CONFIRMED
5130369,1,K00140.01,FALSE POSITIVE,0.0010040728628350226,0.000476152758371349,0.9985197743787937,FALSE POSITIVE
12105051,1,K00141.01,CANDIDATE,0.9769842828874914,0.02194987695823519,0.0010658401542735735,CANDIDATE
4649305,1,K00143.01,CANDIDATE,0.973431701413626,0.004704142703938658,0.021864155882435423,CANDIDATE
4180280,1,K00144.01,CONFIRMED,0.00404509947086785,0.9949983702371783,0.0009565302919537264,CONFIRMED
9904059,1,K00145.01,CANDIDATE,0.9879252514749887,0.006548177540078634,0.005526570984932663,CANDIDATE
9048161,1,K00146.01,FALSE POSITIVE,0.0008260192399782034,0.000985367993084447,0.9981886127669373,FALSE POSITIVE
1996679,1,K00147.01,FALSE POSITIVE,0.000871705361785062,0.0006253107313230926,0.9985029839068917,FALSE POSITIVE
5735762,1,K00148.01,CONFIRMED,0.001965593251498712,0.9976827970195064,0.00035160972899474696,CONFIRMED
5735762,2,K00148.02,CONFIRMED,0.0010691265282271123,0.9984581114201718,0.0004727620516012092,CONFIRMED
5735762,3,K00148.03,CONFIRMED,0.001438121293918389,0.9981819382208813,0.00037994048520028685,CONFIRMED
3835670,1,K00149.01,CONFIRMED,0.005132850859952358,0.9937829138612853,0.001084235278762569,CONFIRMED
7626506,1,K00150.01,CONFIRMED,0.0038180616721827593,0.9957426553725612,0.00043928295525599696,CONFIRMED
7626506,2,K00150.02,CONFIRMED,0.0017810724434814123,0.9978123475504194,0.0004065800060993848,CONFIRMED
2307199,1,K00151.01,CANDIDATE,0.9638368137316176,0.0067698791794170345,0.02939330708896532,CANDIDATE
8394721,1,K00152.01,CONFIRMED,0.0017935062350500604,0.9979679815388629,0.0002385122260870299,CONFIRMED
8394721,2,K00152.02,CONFIRMED,0.0015001268167618568,0.9978626392149006,0.0006372339683377928,CONFIRMED
8394721,3,K00152.03,CONFIRMED,0.003986217195786608,0.9955416040421741,0.0004721787620391881,CONFIRMED
8394721,4,K00152.04,CONFIRMED,0.012591114075218603,0.9864777714589269,0.0009311144658545265,CONFIRMED
12252424,1,K00153.01,CONFIRMED,0.002954690541941233,0.9961206127643653,0.0009246966936936616,CONFIRMED
12252424,2,K00153.02,CONFIRMED,0.001263542033787919,0.9981097060955987,0.0006267518706136549,CONFIRMED
8030148,1,K00155.01,CONFIRMED,0.008405982907781377,0.9891591273791728,0.0024348897130456394,CONFIRMED
10925104,1,K00156.01,CONFIRMED,0.0022281780879024366,0.997360547881835,0.0004112740302623627,CONFIRMED
10925104,2,K00156.02,CONFIRMED,0.002663558023323914,0.9964240729967151,0.0009123689799611401,CONFIRMED
10925104,3,K00156.03,CONFIRMED,0.003518868925333819,0.9954796845882222,0.0010014464864438056,CONFIRMED
6541920,1,K00157.01,CONFIRMED,0.0012320776123775916,0.9984487255472749,0.00031919684034736423,CONFIRMED
6541920,2,K00157.02,CONFIRMED,0.0005280906055090184,0.9992027159764165,0.00026919341807433864,CONFIRMED
6541920,3,K00157.03,CONFIRMED,0.0006322046326102012,0.9992050678143938,0.00016272755299575592,CONFIRMED
6541920,4,K00157.04,CONFIRMED,0.0015612014032850665,0.9974006931441947,0.001038105452519905,CONFIRMED
6541920,5,K00157.05,CONFIRMED,0.0021278673243667,0.997592786060302,0.0002793466153313607,CONFIRMED
6541920,6,K00157.06,CONFIRMED,0.0006830418589743578,0.9991559695887707,0.00016098855225493792,CONFIRMED
10555375,1,K00158.01,FALSE POSITIVE,0.0009604156085391967,0.000755291852821987,0.9982842925386387,FALSE POSITIVE
8972058,1,K00159.01,CONFIRMED,0.002792267616935014,0.996413010491006,0.000794721892059221,CONFIRMED
8972058,2,K00159.02,CONFIRMED,0.013643651949173271,0.9854073981586539,0.0009489498921726856,CONFIRMED
6631721,1,K00160.01,CANDIDATE,0.9668375629949981,0.003962848411745342,0.029199588593256543,CANDIDATE
5084942,1,K00161.01,CONFIRMED,0.0019031312084600565,0.9975618464184013,0.0005350223731389429,CONFIRMED
8107380,1,K00162.01,CONFIRMED,0.016956133964102803,0.9820099346319664,0.0010339314039305748,CONFIRMED
6851425,1,K00163.01,CONFIRMED,0.0068538126915611095,0.9924544403885953,0.0006917469198437948,CONFIRMED
5652237,1,K00164.01,FALSE POSITIVE,0.0013113359639439469,0.0009598117063206288,0.9977288523297357,FALSE POSITIVE
9527915,1,K00165.01,CONFIRMED,0.003352248368129259,0.9962438155420035,0.0004039360898673547,CONFIRMED
2441495,1,K00166.01,CONFIRMED,0.02292310209098965,0.9754735534013991,0.001603344507611316,CONFIRMED
11666881,1,K00167.01,CONFIRMED,0.004745403416059929,0.9920194833361634,0.0032351132477766277,CONFIRMED
11512246,1,K00168.01,CONFIRMED,0.0012596101042273054,0.9984753904384502,0.00026499945732223675,CONFIRMED
11512246,2,K00168.02,CONFIRMED,0.0017759395362712616,0.9978960387585167,0.0003280217052118006,CONFIRMED
11512246,3,K00168.03,CONFIRMED,0.012900898223298955,0.9860259725281365,0.0010731292485644652,CONFIRMED
6185711,1,K00169.01,FALSE POSITIVE,0.0014680240700088354,0.0014311416574819909,0.9971008342725094,FALSE POSITIVE
11044770,1,K00170.01,FALSE POSITIVE,0.0005726057385004562,0.0004200819502426123,0.999007312311257,FALSE POSITIVE
7831264,1,K00171.01,CONFIRMED,0.0025087654476116674,0.9971708526125375,0.0003203819398507902,CONFIRMED
7831264,2,K00171.02,CONFIRMED,0.005083862514931635,0.9943418715385945,0.0005742659464736384,CONFIRMED
8692861,1,K00172.01,CONFIRMED,0.004316740954693311,0.995097785514119,0.0005854735311877084,CONFIRMED
8692861,2,K00172.02,CONFIRMED,0.008036437705024274,0.9889715374130847,0.0029920248818910058,CONFIRMED
11402995,1,K00173.01,CONFIRMED,0.007203403829775442,0.9913578710188877,0.0014387251513369487,CONFIRMED
10810838,1,K00174.01,CONFIRMED,0.012090640732068295,0.9865521682034484,0.0013571910644831651,CONFIRMED
8323753,1,K00175.01,FALSE POSITIVE,0.0012580792943930018,0.0007842251191499973,0.9979576955864568,FALSE POSITIVE
6442377,1,K00176.01,CONFIRMED,0.00405314855912053,0.9955225839787112,0.000424267462168088,CONFIRMED
6803202,1,K00177.01,CANDIDATE,0.8656255134327474,0.13243520038182308,0.0019392861854295707,CANDIDATE
11455491,1,K00178.01,FALSE POSITIVE,0.0009994251042944663,0.0005931653804974321,0.998407409515208,FALSE POSITIVE
9663113,1,K00179.01,CONFIRMED,0.0026375232364193833,0.9967789619016904,0.0005835148618902403,CONFIRMED
9663113,2,K00179.02,CONFIRMED,0.00426705631148095,0.9935265958735787,0.002206347814940508,CONFIRMED
9573539,1,K00180.01,CONFIRMED,0.003976621033002981,0.9953315940492544,0.0006917849177424211,CONFIRMED
12504988,1,K00181.01,FALSE POSITIVE,0.007386125422262404,0.0015605303486305499,0.9910533442291068,FALSE POSITIVE
5376836,1,K00182.01,CANDIDATE,0.9586471393356378,0.01769568326934321,0.02365717739501898,CANDIDATE
9651668,1,K00183.01,CONFIRMED,0.003914247645660853,0.9944797177902231,0.001606034564116102,CONFIRMED
7972785,1,K00184.01,FALSE POSITIVE,0.011655055172537404,0.00823741463639963,0.980107530191063,FALSE POSITIVE
4178389,1,K00185.01,FALSE POSITIVE,0.0023466595996176434,0.0008684240311992348,0.9967849163691831,FALSE POSITIVE
12019440,1,K00186.01,CONFIRMED,0.002778724233642867,0.9963860151720288,0.0008352605943282198,CONFIRMED
7023960,1,K00187.01,FALSE POSITIVE,0.005632158572006387,0.004434209417849573,0.9899336320101443,FALSE POSITIVE
5357901,1,K00188.01,CONFIRMED,0.0018952953336384825,0.9969256686695206,0.0011790359968411204,CONFIRMED
11391018,1,K00189.01,CONFIRMED,0.025020673460416726,0.9616376650564374,0.013341661483146028,CONFIRMED
5771719,1,K00190.01,FALSE POSITIVE,0.003990336894999059,0.0038611663332859003,0.992148496771715,FALSE POSITIVE
5972334,1,K00191.01,CONFIRMED,0.00228641813739572,0.9970916301978584,0.0006219516647457347,CONFIRMED
5972334,2,K00191.02,CANDIDATE,0.929465844416265,0.06334296425231781,0.00719119133141713,CANDIDATE
5972334,3,K00191.03,CANDIDATE,0.9751805421717643,0.021562664199149668,0.003256793629085925,CANDIDATE
5972334,4,K00191.04,CONFIRMED,0.0030974040769693257,0.9966454255166464,0.0002571704063846125,CONFIRMED
7950644,1,K00192.01,CONFIRMED,0.004346693134330961,0.9937620054436762,0.0018913014219928152,CONFIRMED
10799735,1,K00193.01,FALSE POSITIVE,0.008462282535534917,0.01071840476447404,0.9808193126999909,FALSE POSITIVE
10904857,1,K00194.01,CONFIRMED,0.13020617136861967,0.025668035009214184,0.8441257936221662,FALSE POSITIVE
11502867,1,K00195.01,CONFIRMED,0.006386022617497962,0.9923255390829796,0.0012884382995223633,CONFIRMED
9410930,1,K00196.01,CONFIRMED,0.0036992624426573123,0.9944636772468465,0.0018370603104960743,CONFIRMED
2987027,1,K00197.01,CONFIRMED,0.004163534034389633,0.9940608794401453,0.0017755865254649474,CONFIRMED
10666242,1,K00198.01,FALSE POSITIVE,0.0025915126945302383,0.001431860447884804,0.9959766268575851,FALSE POSITIVE
10019708,1,K00199.01,CONFIRMED,0.02279989144064537,0.9608962777500205,0.016303830809334036,CONFIRMED
10019708,2,K00199.02,FALSE POSITIVE,0.00041940400106172483,0.00031384718636276454,0.9992667488125755,FALSE POSITIVE
6046540,1,K00200.01,CONFIRMED,0.0055056299249658745,0.9936710353102739,0.0008233347647599582,CONFIRMED
6849046,1,K00201.01,CONFIRMED,0.001337500183337012,0.9982006986134427,0.00046180120322021016,CONFIRMED
7877496,1,K00202.01,CONFIRMED,0.0070545036026350184,0.9921392921516843,0.0008062042456808713,CONFIRMED
10619192,1,K00203.01,CONFIRMED,0.005346205628179914,0.9933005188542307,0.0013532755175894927,CONFIRMED
9305831,1,K00204.01,CONFIRMED,0.002904636909994631,0.9963941488601626,0.0007012142298425659,CONFIRMED
7046804,1,K00205.01,CONFIRMED,0.01038503684089828,0.9851324367294001,0.004482526429701733,CONFIRMED
5728139,1,K00206.01,CONFIRMED,0.011857450603405264,0.9820643752673281,0.006078174129266779,CONFIRMED
3762468,1,K00208.01,CONFIRMED,0.00841336689889337,0.9881178230245565,0.0034688100765500464,CONFIRMED
10723750,1,K00209.01,CONFIRMED,0.002298419785462398,0.9958884220129182,0.0018131582016195412,CONFIRMED
10723750,2,K00209.02,CONFIRMED,0.005951321812717216,0.9924446490329636,0.001604029154319117,CONFIRMED
10602291,1,K00210.01,FALSE POSITIVE,0.007814457609320438,0.001964866570791363,0.9902206758198882,FALSE POSITIVE
10656508,1,K00211.01,CANDIDATE,0.982413496173333,0.014890013515218632,0.0026964903114485416,CANDIDATE
6300348,1,K00212.01,CANDIDATE,0.9532235635560594,0.041350817467760946,0.005425618976179633,CANDIDATE
9164836,1,K00213.01,FALSE POSITIVE,0.0005485513615428032,0.00022914916121728884,0.9992222994772398,FALSE POSITIVE
11046458,1,K00214.01,CONFIRMED,0.006013498855913222,0.9920605567327029,0.0019259444113840186,CONFIRMED
12508335,1,K00215.01,FALSE POSITIVE,0.007737615243934903,0.0017883921632211078,0.9904739925928441,FALSE POSITIVE
6152974,1,K00216.01,CONFIRMED,0.002425996295101218,0.9971206985238729,0.0004533051810260152,CONFIRMED
6152974,2,K00216.02,CONFIRMED,0.007395488817184167,0.991424995749894,0.0011795154329218482,CONFIRMED
9595827,1,K00217.01,CONFIRMED,0.004171258465527379,0.9933259426377341,0.0025027988967387216,CONFIRMED
9838975,1,K00218.01,FALSE POSITIVE,0.008813225108546084,0.0067214891621176585,0.9844652857293363,FALSE POSITIVE
6305192,1,K00219.01,CONFIRMED,0.023613406836296546,0.9714126342333085,0.004973958930394983,CONFIRMED
7132798,1,K00220.01,CONFIRMED,0.00453617101685042,0.9935125201463438,0.0019513088368054553,CONFIRMED
7132798,2,K00220.02,CONFIRMED,0.0073818819902984395,0.9911397156391206,0.0014784023705809142,CONFIRMED
3937519,1,K00221.01,CONFIRMED,0.002322570518933839,0.9960140160311205,0.0016634134499459612,CONFIRMED
3937519,2,K00221.02,CANDIDATE,0.9708804361813964,0.02715441490812609,0.001965148910477641,CANDIDATE
4249725,1,K00222.01,CONFIRMED,0.0022272281109168937,0.9972847254289833,0.0004880464600998361,CONFIRMED
4249725,2,K00222.02,CONFIRMED,0.002684042916123951,0.9967313596626717,0.000584597421204242,CONFIRMED
4545187,1,K00223.01,CONFIRMED,0.009632880563126207,0.9889100593027932,0.0014570601340807537,CONFIRMED
4545187,2,K00223.02,CONFIRMED,0.004900262992128856,0.9942481083822524,0.0008516286256186471,CONFIRMED
5547480,1,K00224.01,FALSE POSITIVE,0.0011713360076978532,0.0008121746714383619,0.9980164893208638,FALSE POSITIVE
5801571,1,K00225.01,FALSE POSITIVE,0.00809310506417507,0.0044559646562841,0.9874509302795408,FALSE POSITIVE
5959753,1,K00226.01,CONFIRMED,0.01380424045156189,0.9846406615690169,0.0015550979794212358,CONFIRMED
3847907,1,K00229.01,CONFIRMED,0.007950113460448735,0.989224213523681,0.002825673015870157,CONFIRMED
3862246,1,K00230.01,FALSE POSITIVE,0.0020946423175697134,0.0008806282839274603,0.9970247293985028,FALSE POSITIVE
4043443,1,K00231.01,FALSE POSITIVE,0.005400742873715055,0.003985692033690589,0.9906135650925942,FALSE POSITIVE
4833421,1,K00232.01,CONFIRMED,0.002157049035221895,0.9974806838354174,0.00036226712936068334,CONFIRMED
4833421,2,K00232.02,CONFIRMED,0.0008576506704217772,0.9989311592337423,0.00021119009583610632,CONFIRMED
4833421,3,K00232.03,CONFIRMED,0.002297669729243939,0.9974338428656152,0.0002684874051407445,CONFIRMED
4833421,4,K00232.04,CONFIRMED,0.0011091895405257117,0.9986797294269588,0.00021108103251538696,CONFIRMED
4833421,5,K00232.05,CONFIRMED,0.002649459382849234,0.9970390725991978,0.00031146801795283835,CONFIRMED
5023956,1,K00233.01,FALSE POSITIVE,0.0012160295031745441,0.0008328874994602269,0.9979510829973652,FALSE POSITIVE
8491277,1,K00234.01,CONFIRMED,0.005294679505362848,0.99288997749123,0.0018153430034070213,CONFIRMED
8107225,1,K00235.01,CONFIRMED,0.009235134359197669,0.9896931490961998,0.0010717165446026303,CONFIRMED
8453211,1,K00236.01,FALSE POSITIVE,0.00042562433839570343,0.0006667681024492268,0.998907607559155,FALSE POSITIVE
8041216,1,K00237.01,CONFIRMED,0.00809127398575507,0.991135551568487,0.0007731744457579836,CONFIRMED
7219825,1,K00238.01,CONFIRMED,0.005427899838362239,0.9940513370122208,0.0005207631494168782,CONFIRMED
7219825,2,K00238.02,CONFIRMED,0.025983763374100015,0.9687580120640308,0.005258224561869118,CONFIRMED
7219825,3,K00238.03,CANDIDATE,0.975811602436506,0.021355544110500894,0.0028328534529931102,CANDIDATE
6383785,1,K00239.01,CONFIRMED,0.004152806228003541,0.9951131138593206,0.0007340799126761108,CONFIRMED
6383785,2,K00239.02,CANDIDATE,0.9368544325820213,0.05571393872327925,0.007431628694699603,CANDIDATE
8026752,1,K00240.01,CONFIRMED,0.010856587964354172,0.9820456820102725,0.007097730025373293,CONFIRMED
11288051,1,K00241.01,CONFIRMED,0.0007119338942958011,0.9990738743218096,0.00021419178389460474,CONFIRMED
11288051,2,K00241.02,CONFIRMED,0.010960587480172798,0.9882352671111543,0.0008041454086732048,CONFIRMED
11288051,3,K00241.03,CONFIRMED,0.002195777250240725,0.9969454732713712,0.0008587494783882202,CONFIRMED
3642741,1,K00242.01,FALSE POSITIVE,0.021568283532104715,0.059576128466945606,0.9188555880009497,FALSE POSITIVE
9592579,1,K00243.01,FALSE POSITIVE,0.0010916316352147014,0.0009062776366574461,0.9980020907281277,FALSE POSITIVE
4349452,1,K00244.01,CONFIRMED,0.01391765618144328,0.9837346214618712,0.00234772235668569,CONFIRMED
4349452,2,K00244.02,CONFIRMED,0.0055537774695445475,0.991858968221524,0.002587254308931352,CONFIRMED
8478994,1,K00245.01,CONFIRMED,0.02742109923631566,0.9579079128348601,0.014670987928824285,CONFIRMED
8478994,2,K00245.02,CONFIRMED,0.030989705394809355,0.9518327539865546,0.017177540618636147,CONFIRMED
11295426,1,K00246.01,CONFIRMED,0.029161190242187267,0.9568540527629185,0.013984756994894263,CONFIRMED
11295426,2,K00246.02,CONFIRMED,0.052899986211205806,0.9105909419063255,0.03650907188246877,CONFIRMED
11852982,1,K00247.01,CANDIDATE,0.968026996550277,0.027520805884115103,0.004452197565607977,CANDIDATE
5364071,1,K00248.01,CONFIRMED,0.0026778917655982592,0.9968923533743549,0.00042975486004683824,CONFIRMED
5364071,2,K00248.02,CONFIRMED,0.0017130553800932056,0.9979105826241949,0.0003763619957119661,CONFIRMED
5364071,3,K00248.03,CONFIRMED,0.004155823589804529,0.994179048472494,0.0016651279377014672,CONFIRMED
5364071,4,K00248.04,CONFIRMED,0.0012246382084304679,0.9985135552419198,0.000261806549649945,CONFIRMED
9390653,1,K00249.01,CONFIRMED,0.04151576517604215,0.9523769143016375,0.006107320522320142,CONFIRMED
9757613,1,K00250.01,CONFIRMED,0.0010834191716300194,0.9986905368754402,0.0002260439529298626,CONFIRMED
9757613,2,K00250.02,CONFIRMED,0.004832222317949896,0.9944885623495408,0.0006792153325095541,CONFIRMED
9757613,3,K00250.03,CONFIRMED,0.0027389732332737627,0.9966666731107312,0.0005943536559949395,CONFIRMED
9757613,4,K00250.04,CONFIRMED,0.0010530642147111879,0.9986890984050584,0.00025783738023050926,CONFIRMED
10489206,1,K00251.01,CONFIRMED,0.003948068834619879,0.995375844394519,0.000676086770860999,CONFIRMED
10489206,2,K00251.02,CONFIRMED,0.03724212610592368,0.9609547649979393,0.0018031088961370308,CONFIRMED
11187837,1,K00252.01,CANDIDATE,0.8909299052789865,0.1058783260178371,0.003191768703176264,CANDIDATE
11752906,1,K00253.01,CANDIDATE,0.9830586294511829,0.012917090043353632,0.00402428050546339,CANDIDATE
11752906,2,K00253.02,CANDIDATE,0.967932827441651,0.024792299479748838,0.0072748730786001345,CANDIDATE
5794240,1,K00254.01,CONFIRMED,0.005158984681686093,0.9916437962486397,0.003197219069674008,CONFIRMED
7021681,1,K00255.01,CONFIRMED,0.0012499988263758215,0.9985244379548143,0.00022556321881022503,CONFIRMED
7021681,2,K00255.02,CANDIDATE,0.9908338939663085,0.004443925022678591,0.004722181011012706,CANDIDATE
7021681,3,K00255.03,FALSE POSITIVE,0.041220344096901354,0.004998630116454326,0.9537810257866444,FALSE POSITIVE
11548140,1,K00256.01,FALSE POSITIVE,0.005662652246127766,0.0038257145783037105,0.9905116331755685,FALSE POSITIVE
5514383,1,K00257.01,CONFIRMED,0.00806409961985535,0.9908020597975944,0.0011338405825502059,CONFIRMED
11231334,1,K00258.01,FALSE POSITIVE,0.0014583194531120334,0.0015118738852635102,0.9970298066616246,FALSE POSITIVE
5790807,1,K00259.01,FALSE POSITIVE,0.09967694034487033,0.009360136743846703,0.890962922911283,FALSE POSITIVE
8292840,1,K00260.01,CONFIRMED,0.0060308390761535215,0.9928846572284532,0.00108450369539316,CONFIRMED
8292840,2,K00260.02,CONFIRMED,0.007122680371979811,0.9888353411510625,0.0040419784769575706,CONFIRMED
8292840,3,K00260.03,CONFIRMED,0.008091467121561557,0.9887962929607617,0.0031122399176765625,CONFIRMED
5383248,1,K00261.01,CONFIRMED,0.01268585251588969,0.9495526428740745,0.03776150461003577,CONFIRMED
11807274,1,K00262.01,CONFIRMED,0.011146723612195092,0.9864047644982222,0.002448511889582588,CONFIRMED
11807274,2,K00262.02,CONFIRMED,0.0101236193653786,0.9857150140381792,0.00416136659644238,CONFIRMED
10514430,1,K00263.01,FALSE POSITIVE,0.38622422830412845,0.07332562890194928,0.5404501427939222,FALSE POSITIVE
3097346,1,K00264.01,FALSE POSITIVE,0.0011759218049327048,0.0002521776745836401,0.9985719005204837,FALSE POSITIVE
12024120,1,K00265.01,CONFIRMED,0.008459224001913731,0.9903421740503793,0.001198601947707064,CONFIRMED
7375348,1,K00266.01,CONFIRMED,0.007464266422392552,0.9919736433582226,0.0005620902193849459,CONFIRMED
7375348,2,K00266.02,CANDIDATE,0.24628613467821162,0.7433326222142074,0.010381243107581095,CONFIRMED
3425851,1,K00268.01,CANDIDATE,0.9819801672198638,0.012550227479202779,0.005469605300933291,CANDIDATE
7670943,1,K00269.01,CANDIDATE,0.9278069184986858,0.0692638362325038,0.0029292452688103685,CANDIDATE
6528464,1,K00270.01,CONFIRMED,0.0054244190922626955,0.9940360803212842,0.0005395005864529446,CONFIRMED
6528464,2,K00270.02,CONFIRMED,0.01732215837837116,0.9810690023116798,0.0016088393099490926,CONFIRMED
9451706,1,K00271.01,CONFIRMED,0.005158246569056395,0.9926814828302107,0.002160270600732827,CONFIRMED
9451706,2,K00271.02,CONFIRMED,0.005875048894164971,0.9865968336882506,0.007528117417584496,CONFIRMED
9451706,3,K00271.03,CONFIRMED,0.010921855219589442,0.9866568356659261,0.0024213091144842337,CONFIRMED
5716763,1,K00272.01,FALSE POSITIVE,0.019530266623083218,0.02102946246701993,0.9594402709098969,FALSE POSITIVE
3102384,1,K00273.01,CONFIRMED,0.016106881487875747,0.982424763924067,0.0014683545880572698,CONFIRMED
8077137,1,K00274.01,CONFIRMED,0.02561486488570932,0.9726175160414553,0.001767619072835175,CONFIRMED
8077137,2,K00274.02,CONFIRMED,0.05032808557982713,0.944897306674338,0.004774607745834851,CONFIRMED
10586004,1,K00275.01,CONFIRMED,0.002261480025115178,0.9974555594061452,0.00028296056873960344,CONFIRMED
10586004,2,K00275.02,CONFIRMED,0.003898431363353873,0.994942150222018,0.0011594184146279888,CONFIRMED
11133306,1,K00276.01,CONFIRMED,0.007561734042656979,0.9919038865064074,0.0005343794509357797,CONFIRMED
11401755,1,K00277.01,CONFIRMED,0.0016982890237234396,0.9973161525406886,0.000985558435587793,CONFIRMED
11401755,2,K00277.02,CONFIRMED,0.009654943835465422,0.9613738679033419,0.028971188261192597,CONFIRMED
12314973,1,K00279.01,CONFIRMED,0.0008953038601825052,0.9987364316010672,0.0003682645387501111,CONFIRMED
12314973,2,K00279.02,CONFIRMED,0.0036791038584435224,0.995649690468946,0.0006712056726101025,CONFIRMED
12314973,3,K00279.03,CONFIRMED,0.0750543822520324,0.9220055393249196,0.0029400784230479934,CONFIRMED
4141376,1,K00280.01,CONFIRMED,0.0038811254406646662,0.9940325293224882,0.0020863452368472223,CONFIRMED
4143755,1,K00281.01,CONFIRMED,0.006899502232349766,0.9923491461836698,0.0007513515839802537,CONFIRMED
5088536,1,K00282.01,CONFIRMED,0.00094662194672455,0.9987949468681591,0.0002584311851161994,CONFIRMED
5088536,2,K00282.02,CONFIRMED,0.004352615121354413,0.9952716233077659,0.00037576157087938295,CONFIRMED
5088536,3,K00282.03,CONFIRMED,0.018514901607445643,0.977092412194292,0.004392686198262417,CONFIRMED
5695396,1,K00283.01,CONFIRMED,0.0025235519845047054,0.9970201886352232,0.00045625938027199394,CONFIRMED
5695396,2,K00283.02,CONFIRMED,0.007955800597573651,0.9903826921590937,0.0016615072433325876,CONFIRMED
6021275,1,K00284.01,CONFIRMED,0.002288876397754222,0.9973833941064187,0.00032772949582691275,CONFIRMED
6021275,2,K00284.02,CONFIRMED,0.002698148923091919,0.9968472155101147,0.0004546355667933799,CONFIRMED
6021275,3,K00284.03,CONFIRMED,0.002554126985473431,0.9969910555139745,0.0004548175005522952,CONFIRMED
6021275,4,K00284.04,CONFIRMED,0.46763561361431477,0.52002947714162,0.012334909244065311,CONFIRMED
6196457,1,K00285.01,CONFIRMED,0.0009692811517428045,0.9988486727508757,0.000182046097381528,CONFIRMED
6196457,2,K00285.02,CONFIRMED,0.0013973790927343623,0.9982518309271337,0.0003507899801320563,CONFIRMED
6196457,3,K00285.03,CONFIRMED,0.002483408692321421,0.9972537349710459,0.00026285633663244713,CONFIRMED
8258171,1,K00286.01,FALSE POSITIVE,0.0013141922519465002,0.0006327755008954414,0.9980530322471582,FALSE POSITIVE
8703887,1,K00287.01,FALSE POSITIVE,0.007605185827428587,0.0013613410719539667,0.9910334731006174,FALSE POSITIVE
9592705,1,K00288.01,CANDIDATE,0.9736281007979282,0.012373022409688211,0.013998876792383534,CANDIDATE
10386922,1,K00289.01,CANDIDATE,0.9721039852011402,0.024964345995392375,0.0029316688034673683,CANDIDATE
10386922,2,K00289.02,CONFIRMED,0.003023570172079814,0.9961315262702721,0.0008449035576482594,CONFIRMED
10488450,1,K00290.01,FALSE POSITIVE,0.0017382758693840262,0.0005220024054631778,0.9977397217251526,FALSE POSITIVE
10933561,1,K00291.01,CONFIRMED,0.015941557758451685,0.9830355436395452,0.0010228986020031426,CONFIRMED
10933561,2,K00291.02,CONFIRMED,0.02276384099566884,0.975256719596484,0.0019794394078472134,CONFIRMED
11075737,1,K00292.01,CONFIRMED,0.00635513041097361,0.9923434105272033,0.0013014590618229192,CONFIRMED
11200415,1,K00293.01,FALSE POSITIVE,0.0009691885988703149,0.0013450807242473665,0.9976857306768825,FALSE POSITIVE
11259686,1,K00294.01,CONFIRMED,0.03598847891604471,0.9592356846626485,0.004775836421306687,CONFIRMED
11547513,1,K00295.01,CONFIRMED,0.002018951096698281,0.9973740875155851,0.0006069613877166141,CONFIRMED
11547513,2,K00295.02,CONFIRMED,0.011765340912950754,0.9856491527136054,0.0025855063734439476,CONFIRMED
11802615,1,K00296.01,CONFIRMED,0.003605850982445813,0.9959291846032883,0.00046496441426557665,CONFIRMED
11905011,1,K00297.01,CONFIRMED,0.003789888179738,0.9957880078856317,0.00042210393463013875,CONFIRMED
12785320,1,K00298.01,CONFIRMED,0.008209475495576924,0.9904437958377987,0.001346728666624263,CONFIRMED
12785320,2,K00298.02,CANDIDATE,0.9547611529958454,0.04388297633255024,0.001355870671604322,CANDIDATE
2692377,1,K00299.01,CONFIRMED,0.0033766060468919455,0.9772045180606653,0.019418875892442736,CONFIRMED
3438975,1,K00300.01,FALSE POSITIVE,0.0009302426092197048,0.0008542643729706448,0.9982154930178098,FALSE POSITIVE
3642289,1,K00301.01,CONFIRMED,0.0034959052054562094,0.9959536716895471,0.000550423104997056,CONFIRMED
3642289,2,K00301.02,CONFIRMED,0.02139292302147257,0.9769868602130017,0.0016202167655257264,CONFIRMED
3662838,1,K00302.01,CONFIRMED,0.015471944850569483,0.980910837149743,0.00361721799968756,CONFIRMED
5966322,1,K00303.01,CONFIRMED,0.011506549391914762,0.9865815340787066,0.0019119165293787059,CONFIRMED
6029239,1,K00304.01,CONFIRMED,0.003794901183826414,0.9947997191264104,0.0014053796897631676,CONFIRMED
6029239,2,K00304.02,CANDIDATE,0.9940214426699089,0.0016675327500680886,0.004311024580022907,CANDIDATE
6063220,1,K00305.01,CONFIRMED,0.002012542469445887,0.9975379680764794,0.00044948945407443806,CONFIRMED
6071903,1,K00306.01,CONFIRMED,0.007235130542191919,0.9918768935127049,0.0008879759451029189,CONFIRMED
6289257,1,K00307.01,CONFIRMED,0.004542680989159763,0.9943742029363615,0.0010831160744788437,CONFIRMED
6289257,2,K00307.02,CONFIRMED,0.005076479289197379,0.9939896296523951,0.0009338910584076306,CONFIRMED
6291837,1,K00308.01,CANDIDATE,0.9690620389980853,0.027861375772022988,0.003076585229891855,CANDIDATE
