kepid,tce_plnt_num,kepoi_name,koi_disposition,CANDIDATE,CONFIRMED,FALSE POSITIVE,y_pred
11446443,1,K00001.01,CONFIRMED,0.37729822931442986,0.5922482111534668,0.030453559532103252,CONFIRMED
10666592,1,K00002.01,CONFIRMED,0.18787056805098545,0.7501695679497603,0.06195986399925419,CONFIRMED
10748390,1,K00003.01,CONFIRMED,0.31423141881850486,0.6563490363817973,0.029419544799697727,CONFIRMED
3861595,1,K00004.01,CONFIRMED,0.8109743839505913,0.013934435300719186,0.17509118074868957,CANDIDATE
8554498,1,K00005.01,CANDIDATE,0.42262918233813057,0.5534062032482002,0.023964614413669164,CONFIRMED
3248033,1,K00006.01,FALSE POSITIVE,0.08063237600254236,0.03939161967520151,0.8799760043222561,FALSE POSITIVE
11853905,1,K00007.01,CONFIRMED,0.06690543987662516,0.9294446757762597,0.0036498843471150823,CONFIRMED
5903312,1,K00008.01,FALSE POSITIVE,0.010913639649035951,0.0028337251762033085,0.9862526351747608,FALSE POSITIVE
11553706,1,K00009.01,FALSE POSITIVE,0.015095493342544385,2.883054898768117e-05,0.9848756761084679,FALSE POSITIVE
6922244,1,K00010.01,CONFIRMED,0.08269791062881124,0.9072556834215048,0.010046405949683958,CONFIRMED
11913073,1,K00011.01,FALSE POSITIVE,0.03259737653312682,0.00029284934378708113,0.9671097741230862,FALSE POSITIVE
5812701,1,K00012.01,CONFIRMED,0.26022668100877705,0.7191929387136857,0.02058038027753723,CONFIRMED
9941662,1,K00013.01,CONFIRMED,0.2840030759200332,0.5236902862333849,0.19230663784658203,CONFIRMED
7684873,1,K00014.01,FALSE POSITIVE,0.30841437692413864,0.006471606821983066,0.6851140162538782,FALSE POSITIVE
3964562,1,K00015.01,FALSE POSITIVE,0.07018664944578,0.053750195719760384,0.8760631548344595,FALSE POSITIVE
9110357,1,K00016.01,FALSE POSITIVE,0.01852287944712002,0.03212179283914621,0.9493553277137339,FALSE POSITIVE
10874614,1,K00017.01,CONFIRMED,0.0374411888751365,0.9342983937634974,0.02826041736136615,CONFIRMED
8191672,1,K00018.01,CONFIRMED,0.09371441077123968,0.89453977681691,0.011745812411850184,CONFIRMED
7255336,1,K00019.01,FALSE POSITIVE,0.357938981891124,0.08298725513348883,0.5590737629753871,FALSE POSITIVE
11804465,1,K00020.01,CONFIRMED,0.03962844951943358,0.578885209984349,0.38148634049621744,CONFIRMED
10125352,1,K00021.01,FALSE POSITIVE,0.01784423214702776,8.640521070738077e-05,0.9820693626422649,FALSE POSITIVE
9631995,1,K00022.01,CONFIRMED,0.07642320531352116,0.8347450811690872,0.08883171351739168,CONFIRMED
9071386,1,K00023.01,FALSE POSITIVE,0.04900250541854082,0.3460117794620846,0.6049857151193746,FALSE POSITIVE
4743513,1,K00024.01,FALSE POSITIVE,0.036062261755715544,8.12784939231777e-05,0.9638564597503613,FALSE POSITIVE
10593759,1,K00025.01,FALSE POSITIVE,0.00031637820512723895,8.518260197796379e-07,0.999682769968853,FALSE POSITIVE
5021737,1,K00026.01,FALSE POSITIVE,0.00012343292250380325,1.8713370892783085e-06,0.999874695740407,FALSE POSITIVE
3832716,1,K00027.01,FALSE POSITIVE,0.0006242679847734906,0.014039753287380946,0.9853359787278455,FALSE POSITIVE
4247791,1,K00028.01,FALSE POSITIVE,0.00154628536714053,3.2622078401420207e-06,0.9984504524250193,FALSE POSITIVE
6956014,1,K00031.01,FALSE POSITIVE,0.22041329480342225,0.0063920684176505295,0.7731946367789273,FALSE POSITIVE
5725087,1,K00033.01,FALSE POSITIVE,0.28464812310474175,0.0032309400080704153,0.7121209368871879,FALSE POSITIVE
6521045,1,K00041.01,CONFIRMED,0.07285916808309553,0.9251947503201411,0.0019460815967634565,CONFIRMED
6521045,2,K00041.02,CONFIRMED,0.09177707108365593,0.9021475124474421,0.006075416468902008,CONFIRMED
6521045,3,K00041.03,CONFIRMED,0.15962070735302641,0.8312000700586226,0.00917922258835095,CONFIRMED
8866102,1,K00042.01,CONFIRMED,0.10896239372371208,0.8801719538041153,0.010865652472172546,CONFIRMED
9025922,1,K00043.01,FALSE POSITIVE,0.025855129955925284,0.027819620363418323,0.9463252496806565,FALSE POSITIVE
8845026,1,K00044.01,FALSE POSITIVE,0.08071345992581383,0.1700458167988621,0.7492407232753241,FALSE POSITIVE
3742855,1,K00045.01,FALSE POSITIVE,0.02839258276238515,0.11870426966046106,0.8529031475771538,FALSE POSITIVE
10905239,1,K00046.01,CONFIRMED,0.02590034170802905,0.9157476198504295,0.058352038441541264,CONFIRMED
10905239,2,K00046.02,CONFIRMED,0.7380285194266528,0.20941313677988382,0.052558343793463254,CANDIDATE
7837302,1,K00048.01,FALSE POSITIVE,0.00020134750475132125,3.8107945751060546e-08,0.9997986143873029,FALSE POSITIVE
9527334,1,K00049.01,CONFIRMED,0.0896172532480083,0.9102815711382913,0.00010117561370037496,CONFIRMED
6056992,1,K00051.01,FALSE POSITIVE,0.11825811443759476,0.020260771508291055,0.8614811140541142,FALSE POSITIVE
3558981,1,K00052.01,FALSE POSITIVE,0.43694773282525257,0.0035345694866490565,0.5595176976880982,FALSE POSITIVE
2445975,1,K00053.01,FALSE POSITIVE,0.12873978423361138,0.09594927733500501,0.7753109384313837,FALSE POSITIVE
8248939,1,K00061.01,FALSE POSITIVE,0.041974607066064894,0.004301976169799871,0.9537234167641353,FALSE POSITIVE
11554435,1,K00063.01,CONFIRMED,0.192952521666244,0.6886454654868915,0.11840201284686451,CONFIRMED
7051180,1,K00064.01,CANDIDATE,0.4649382245820701,0.4452963099006681,0.08976546551726163,CANDIDATE
10620329,1,K00066.01,FALSE POSITIVE,0.12506849995799324,0.020715570165095162,0.8542159298769115,FALSE POSITIVE
8669092,1,K00068.01,FALSE POSITIVE,0.40515478122157145,0.03874440067865036,0.5561008180997781,FALSE POSITIVE
3544595,1,K00069.01,CONFIRMED,0.13684910260728259,0.7789202663065842,0.08423063108613318,CONFIRMED
6850504,1,K00070.01,CONFIRMED,0.06457357035674424,0.9242112824591632,0.011215147184092686,CONFIRMED
6850504,2,K00070.02,CONFIRMED,0.05830577352867112,0.9254770225295417,0.016217203941787255,CONFIRMED
6850504,3,K00070.03,CONFIRMED,0.06733508942383401,0.9149373453011788,0.01772756527498715,CONFIRMED
6850504,4,K00070.04,CONFIRMED,0.12780238599934388,0.8105569091925388,0.061640704808117446,CONFIRMED
6850504,5,K00070.05,CONFIRMED,0.190546205165732,0.655804584591652,0.1536492102426159,CONFIRMED
11904151,1,K00072.01,CONFIRMED,0.051011254665611426,0.9399089840936371,0.00907976124075139,CONFIRMED
11904151,2,K00072.02,CONFIRMED,0.0692305571712621,0.9112206360550149,0.019548806773722966,CONFIRMED
6889235,1,K00074.01,FALSE POSITIVE,0.027319494595623058,0.045166691429287954,0.927513813975089,FALSE POSITIVE
7199397,1,K00075.01,CANDIDATE,0.2011265341286738,0.5807204816355682,0.21815298423575805,CONFIRMED
9955262,1,K00076.01,FALSE POSITIVE,0.4351736215867884,0.2848619703777354,0.2799644080354763,CANDIDATE
9552608,1,K00080.01,FALSE POSITIVE,0.13338499709209123,0.01585260921158858,0.8507623936963202,FALSE POSITIVE
8823868,1,K00081.01,FALSE POSITIVE,0.017226186919404193,0.07909204938416152,0.9036817636964344,FALSE POSITIVE
10187017,1,K00082.01,CONFIRMED,0.053518588865954224,0.9242499543886177,0.02223145674542814,CONFIRMED
10187017,2,K00082.02,CONFIRMED,0.05092456244358804,0.9212503368160394,0.027825100740372567,CONFIRMED
10187017,3,K00082.03,CONFIRMED,0.08963521873835102,0.872816484952313,0.03754829630933598,CONFIRMED
10187017,4,K00082.04,CONFIRMED,0.06026452455980654,0.9035525417430383,0.03618293369715507,CONFIRMED
10187017,5,K00082.05,CONFIRMED,0.13077284097488964,0.7547187726924969,0.1145083863326134,CONFIRMED
10187017,6,K00082.06,CANDIDATE,0.2595544248702151,0.506275219300071,0.23417035582971385,CONFIRMED
2571238,1,K00084.01,CONFIRMED,0.09118566106814015,0.9062428049021519,0.002571534029707881,CONFIRMED
5866724,1,K00085.01,CONFIRMED,0.06311152552166717,0.9333265650105022,0.003561909467830644,CONFIRMED
5866724,2,K00085.02,CONFIRMED,0.06432451126732969,0.9330405313761312,0.0026349573565391,CONFIRMED
5866724,3,K00085.03,CONFIRMED,0.06373100522800894,0.9310748401515451,0.0051941546204461175,CONFIRMED
10593626,1,K00087.01,CONFIRMED,0.26437163475215253,0.49379917129863393,0.24182919394921357,CONFIRMED
7700871,1,K00088.01,FALSE POSITIVE,0.007073621402695848,0.001320556690920333,0.9916058219063837,FALSE POSITIVE
8056665,1,K00089.01,CONFIRMED,0.07714584945866079,0.9167494189904618,0.006104731550877486,CONFIRMED
8056665,2,K00089.02,CANDIDATE,0.3785036545007471,0.5583709992535232,0.06312534624572964,CONFIRMED
9210823,1,K00090.01,FALSE POSITIVE,0.03485153944021229,0.05353012707138877,0.9116183334883988,FALSE POSITIVE
7941200,1,K00092.01,CANDIDATE,0.29675692407362403,0.7023429236291666,0.0009001522972093331,CONFIRMED
6462863,1,K00094.01,CONFIRMED,0.04156496508677994,0.9529233059149214,0.005511728998298798,CONFIRMED
6462863,2,K00094.02,CONFIRMED,0.07924992290705811,0.9157055014649581,0.005044575627983888,CONFIRMED
6462863,3,K00094.03,CONFIRMED,0.04888828900047136,0.9332768340849827,0.017834876914545904,CONFIRMED
6462863,4,K00094.04,CONFIRMED,0.16853805278489548,0.7445961359788191,0.08686581123628526,CONFIRMED
5780885,1,K00097.01,CONFIRMED,0.07460008857667065,0.8641954669983812,0.06120444442494806,CONFIRMED
10264660,1,K00098.01,CONFIRMED,0.10564365135973881,0.8624469613968688,0.03190938724339237,CONFIRMED
4055765,1,K00100.01,CANDIDATE,0.19463359224919538,0.010578601280205255,0.7947878064705994,FALSE POSITIVE
8456679,1,K00102.01,CANDIDATE,0.4833109725535518,0.5139196272167491,0.002769400229699097,CONFIRMED
8456679,2,K00102.02,FALSE POSITIVE,0.023647484567410948,0.9715810432735456,0.004771472159043508,CONFIRMED
2444412,1,K00103.01,CANDIDATE,0.4195581991430128,0.5651659891177769,0.015275811739210143,CONFIRMED
10318874,1,K00104.01,CONFIRMED,0.16003507988972432,0.8055396124420297,0.03442530766824605,CONFIRMED
8711794,1,K00105.01,CONFIRMED,0.2655377402643311,0.6832159040205227,0.051246355715146207,CONFIRMED
10489525,1,K00106.01,FALSE POSITIVE,0.02592776431793045,0.045917882606486014,0.9281543530755835,FALSE POSITIVE
11250587,1,K00107.01,CONFIRMED,0.12185993435460976,0.8364331306170876,0.04170693502830257,CONFIRMED
4914423,1,K00108.01,CONFIRMED,0.06683242398927973,0.9299499906717298,0.00321758533899045,CONFIRMED
4914423,2,K00108.02,CONFIRMED,0.10451154169486647,0.8894809047070867,0.00600755359804678,CONFIRMED
4752451,1,K00109.01,FALSE POSITIVE,0.0037986534964900573,0.0011772333150549368,0.9950241131884551,FALSE POSITIVE
9450647,1,K00110.01,CONFIRMED,0.03227527983524823,0.9661847041323847,0.0015400160323670528,CONFIRMED
6678383,1,K00111.01,CONFIRMED,0.04634283892982294,0.9252948049744885,0.028362356095688504,CONFIRMED
6678383,2,K00111.02,CONFIRMED,0.04385353524206663,0.9472019179349503,0.008944546822983016,CONFIRMED
6678383,3,K00111.03,CONFIRMED,0.04850080042465196,0.935517573361405,0.01598162621394315,CONFIRMED
10984090,1,K00112.01,CONFIRMED,0.20115851924917985,0.7986462924071382,0.00019518834368193713,CONFIRMED
10984090,2,K00112.02,CONFIRMED,0.06555263794646203,0.9337319208019887,0.0007154412515491567,CONFIRMED
6721123,1,K00114.01,FALSE POSITIVE,0.006092868087078241,0.0014573210041235053,0.9924498109087981,FALSE POSITIVE
9579641,1,K00115.01,CONFIRMED,0.03367968509780238,0.965322334732741,0.000997980169456698,CONFIRMED
9579641,2,K00115.02,CONFIRMED,0.03490497646330286,0.9632375959299359,0.0018574276067613094,CONFIRMED
9579641,3,K00115.03,CANDIDATE,0.13786721616248337,0.7738811292723962,0.08825165456512053,CONFIRMED
8395660,1,K00116.01,CONFIRMED,0.06405460066477209,0.9243437854789699,0.011601613856257994,CONFIRMED
8395660,2,K00116.02,CONFIRMED,0.09550124814393136,0.8975551366188502,0.006943615237218464,CONFIRMED
8395660,3,K00116.03,CONFIRMED,0.23673709783997474,0.7333932523392359,0.02986964982078935,CONFIRMED
8395660,4,K00116.04,CONFIRMED,0.24918015329259643,0.6708598413007222,0.07996000540668131,CONFIRMED
10875245,1,K00117.01,CONFIRMED,0.07661874941889756,0.9124952046725553,0.010886045908547215,CONFIRMED
10875245,2,K00117.02,CONFIRMED,0.08959487487336876,0.9007037681749082,0.009701356951723085,CONFIRMED
10875245,3,K00117.03,CONFIRMED,0.08741373097067513,0.9039906618010305,0.00859560722829441,CONFIRMED
10875245,4,K00117.04,CONFIRMED,0.27822950808221464,0.7027063744613998,0.019064117456385445,CONFIRMED
3531558,1,K00118.01,CONFIRMED,0.12552378394378533,0.8110748659993018,0.06340135005691289,CONFIRMED
9471974,1,K00119.01,CONFIRMED,0.10712166221224775,0.8922050103837034,0.0006733274040488186,CONFIRMED
9471974,2,K00119.02,CONFIRMED,0.11153314288568579,0.8771593124743597,0.011307544639954361,CONFIRMED
11869052,1,K00120.01,CANDIDATE,0.07100893209088216,0.43111733697573373,0.49787373093338416,FALSE POSITIVE
3247396,1,K00121.01,FALSE POSITIVE,0.018201869473590256,3.994135867348866e-05,0.9817581891677363,FALSE POSITIVE
8349582,1,K00122.01,CONFIRMED,0.07672491574910462,0.9180988734716051,0.005176210779290127,CONFIRMED
5094751,1,K00123.01,CONFIRMED,0.14397598365835956,0.8293499303709844,0.026674085970656163,CONFIRMED
5094751,2,K00123.02,CONFIRMED,0.12500476704415608,0.8607529505191301,0.014242282436713903,CONFIRMED
11086270,1,K00124.01,CONFIRMED,0.05759248258393565,0.9422506848761869,0.00015683253987728877,CONFIRMED
11086270,2,K00124.02,CONFIRMED,0.05472810273261971,0.9433903601587067,0.0018815371086736143,CONFIRMED
11449844,1,K00125.01,CONFIRMED,0.170922194946283,0.7008218412023048,0.12825596385141222,CONFIRMED
5897826,1,K00126.01,FALSE POSITIVE,0.012741516705228917,0.007157858065133199,0.9801006252296378,FALSE POSITIVE
5897826,2,K00126.02,CANDIDATE,0.46635339816157295,0.08526431572724819,0.44838228611117886,CANDIDATE
8359498,1,K00127.01,CONFIRMED,0.06464961808079743,0.9284862499152362,0.006864132003966191,CONFIRMED
11359879,1,K00128.01,CONFIRMED,0.13277637800870576,0.7538725426447543,0.11335107934653983,CONFIRMED
11974540,1,K00129.01,CONFIRMED,0.10532738736368208,0.7201483190810721,0.17452429355524562,CONFIRMED
5297298,1,K00130.01,CANDIDATE,0.7632968386614616,0.17218735571182053,0.06451580562671791,CANDIDATE
7778437,1,K00131.01,CONFIRMED,0.125307575699666,0.847714426445789,0.026977997854545025,CONFIRMED
8892910,1,K00132.01,FALSE POSITIVE,0.01291954422340255,0.00038550968261712035,0.9866949460939803,FALSE POSITIVE
11673674,1,K00133.01,FALSE POSITIVE,0.01334454809708637,0.0001475718473375959,0.9865078800555761,FALSE POSITIVE
9032900,1,K00134.01,FALSE POSITIVE,0.16536293091846746,0.016801882150839373,0.8178351869306931,FALSE POSITIVE
9818381,1,K00135.01,CONFIRMED,0.1191113480006372,0.8546593926303153,0.02622925936904761,CONFIRMED
7601633,1,K00136.01,FALSE POSITIVE,0.055123592310118034,0.02642957929664826,0.9184468283932338,FALSE POSITIVE
8644288,1,K00137.01,CONFIRMED,0.08352323873394253,0.9116132250395108,0.004863536226546809,CONFIRMED
8644288,2,K00137.02,CONFIRMED,0.06036714502001651,0.9308894590189745,0.008743395961008994,CONFIRMED
8644288,3,K00137.03,CONFIRMED,0.0969036783741944,0.8950427623381064,0.008053559287699104,CONFIRMED
8506766,1,K00138.01,FALSE POSITIVE,0.03148661630874128,0.0018763330715353208,0.9666370506197234,FALSE POSITIVE
8559644,1,K00139.01,CONFIRMED,0.1787310886165015,0.8003605441150344,0.02090836726846415,CONFIRMED
8559644,2,K00139.02,CONFIRMED,0.03639214536341473,0.9621104676653625,0.0014973869712227724,CONFIRMED
5130369,1,K00140.01,FALSE POSITIVE,0.007636993968389599,0.0011242580059192223,0.9912387480256912,FALSE POSITIVE
12105051,1,K00141.01,CANDIDATE,0.2851682439345693,0.7026123957931979,0.012219360272232756,CONFIRMED
4649305,1,K00143.01,CANDIDATE,0.10584343797269082,0.0034204777958291117,0.8907360842314801,FALSE POSITIVE
4180280,1,K00144.01,CONFIRMED,0.1074482851877254,0.8830899914514982,0.009461723360776232,CONFIRMED
9904059,1,K00145.01,CANDIDATE,0.7222288381642628,0.06353116513044967,0.2142399967052877,CANDIDATE
9048161,1,K00146.01,FALSE POSITIVE,0.0007673119676875719,5.607151451303721e-05,0.9991766165177993,FALSE POSITIVE
1996679,1,K00147.01,FALSE POSITIVE,0.0045021635593089325,2.848306043434481e-05,0.9954693533802567,FALSE POSITIVE
5735762,1,K00148.01,CONFIRMED,0.04550147851597504,0.9539514905343963,0.0005470309496288216,CONFIRMED
5735762,2,K00148.02,CONFIRMED,0.04380781303166601,0.9557232836159401,0.0004689033523939463,CONFIRMED
5735762,3,K00148.03,CONFIRMED,0.07568386235092235,0.9070281404873598,0.017287997161717975,CONFIRMED
3835670,1,K00149.01,CONFIRMED,0.029069797064560084,0.9701743376812371,0.0007558652542029244,CONFIRMED
7626506,1,K00150.01,CONFIRMED,0.08426125112725338,0.9112041969260429,0.004534551946703643,CONFIRMED
7626506,2,K00150.02,CONFIRMED,0.08118167402038282,0.913722701272544,0.005095624707073328,CONFIRMED
2307199,1,K00151.01,CANDIDATE,0.417393336814138,0.001871902947821495,0.5807347602380405,FALSE POSITIVE
8394721,1,K00152.01,CONFIRMED,0.05032684372211741,0.9386752673539829,0.01099788892389977,CONFIRMED
8394721,2,K00152.02,CONFIRMED,0.05926903948249086,0.918510077658722,0.02222088285878722,CONFIRMED
8394721,3,K00152.03,CONFIRMED,0.06687012233167816,0.9126583887839748,0.020471488884347033,CONFIRMED
8394721,4,K00152.04,CONFIRMED,0.21083603613703555,0.5970301255822505,0.19213383828071384,CONFIRMED
12252424,1,K00153.01,CONFIRMED,0.04196797713768785,0.9539027504155323,0.004129272446779934,CONFIRMED
12252424,2,K00153.02,CONFIRMED,0.05121865109073503,0.9462369813432189,0.002544367566045981,CONFIRMED
8030148,1,K00155.01,CONFIRMED,0.03890544856506856,0.9579117015367822,0.0031828498981492596,CONFIRMED
10925104,1,K00156.01,CONFIRMED,0.06133770264399517,0.9258521629030955,0.012810134452909367,CONFIRMED
10925104,2,K00156.02,CONFIRMED,0.06509689800576564,0.9235780480145183,0.011325053979715966,CONFIRMED
10925104,3,K00156.03,CONFIRMED,0.059990950333518915,0.925843481401361,0.014165568265120141,CONFIRMED
6541920,1,K00157.01,CONFIRMED,0.07514019280760184,0.8942082592895458,0.030651547902852374,CONFIRMED
6541920,2,K00157.02,CONFIRMED,0.053944161291893326,0.8979556035813339,0.04810023512677283,CONFIRMED
6541920,3,K00157.03,CONFIRMED,0.061007574115792204,0.9184470212074719,0.02054540467673594,CONFIRMED
6541920,4,K00157.04,CONFIRMED,0.05342161368942591,0.8730098095781024,0.07356857673247182,CONFIRMED
6541920,5,K00157.05,CONFIRMED,0.10332452387355,0.8328837633557694,0.0637917127706806,CONFIRMED
6541920,6,K00157.06,CONFIRMED,0.10079426924782496,0.7742652533031967,0.12494047744897836,CONFIRMED
10555375,1,K00158.01,FALSE POSITIVE,0.0017787152185137537,9.585994984313492e-05,0.9981254248316431,FALSE POSITIVE
8972058,1,K00159.01,CONFIRMED,0.021286176261199382,0.9786597087356014,5.411500319906226e-05,CONFIRMED
8972058,2,K00159.02,CONFIRMED,0.3252143997953965,0.6730114329525666,0.0017741672520368407,CONFIRMED
6631721,1,K00160.01,CANDIDATE,0.01592013171154079,3.0272624345194323e-05,0.9840495956641141,FALSE POSITIVE
5084942,1,K00161.01,CONFIRMED,0.14335928548020602,0.8454175964974041,0.011223118022389832,CONFIRMED
8107380,1,K00162.01,CONFIRMED,0.0659497141023666,0.8445563410169165,0.08949394488071699,CONFIRMED
6851425,1,K00163.01,CONFIRMED,0.08929831222526693,0.8990649159140354,0.011636771860697689,CONFIRMED
5652237,1,K00164.01,FALSE POSITIVE,0.009199843287938901,0.0012284156770572374,0.9895717410350039,FALSE POSITIVE
9527915,1,K00165.01,CONFIRMED,0.10171132810543144,0.8936806526904386,0.0046080192041299504,CONFIRMED
2441495,1,K00166.01,CONFIRMED,0.14419913769250253,0.8495861303398587,0.006214731967638765,CONFIRMED
11666881,1,K00167.01,CONFIRMED,0.0184501876233003,0.8166179424812761,0.16493186989542355,CONFIRMED
11512246,1,K00168.01,CONFIRMED,0.08697747807444403,0.8906903444955763,0.022332177429979668,CONFIRMED
11512246,2,K00168.02,CONFIRMED,0.10884755157731436,0.8698846439323354,0.021267804490350206,CONFIRMED
11512246,3,K00168.03,CONFIRMED,0.10539132449444646,0.855122634742309,0.03948604076324445,CONFIRMED
6185711,1,K00169.01,FALSE POSITIVE,0.02055543996543051,0.0008550523654486867,0.9785895076691208,FALSE POSITIVE
11044770,1,K00170.01,FALSE POSITIVE,0.036623242787257974,7.054206197115922e-05,0.9633062151507709,FALSE POSITIVE
7831264,1,K00171.01,CONFIRMED,0.03587459998572262,0.9641076092594458,1.7790754831588064e-05,CONFIRMED
7831264,2,K00171.02,CONFIRMED,0.08228956000508751,0.9164966087570665,0.0012138312378459054,CONFIRMED
8692861,1,K00172.01,CONFIRMED,0.12890634832426998,0.82994153320049,0.04115211847523999,CONFIRMED
8692861,2,K00172.02,CONFIRMED,0.19537531682006332,0.6710206299188093,0.1336040532611273,CONFIRMED
11402995,1,K00173.01,CONFIRMED,0.04060082386476264,0.9591804526763348,0.00021872345890271687,CONFIRMED
10810838,1,K00174.01,CONFIRMED,0.2365706770582164,0.7361748176966442,0.027254505245139487,CONFIRMED
8323753,1,K00175.01,FALSE POSITIVE,0.003394914712213973,0.0002084525793069961,0.9963966327084789,FALSE POSITIVE
6442377,1,K00176.01,CONFIRMED,0.05642695143230494,0.9430202865954457,0.0005527619722494677,CONFIRMED
6803202,1,K00177.01,CANDIDATE,0.28545768352079937,0.7144870309888114,5.528549038930938e-05,CONFIRMED
11455491,1,K00178.01,FALSE POSITIVE,0.0006454771901492565,0.0004671449310663942,0.9988873778787843,FALSE POSITIVE
9663113,1,K00179.01,CONFIRMED,0.03966612542620488,0.9581157825384179,0.002218092035377139,CONFIRMED
9663113,2,K00179.02,CONFIRMED,0.20833444289902708,0.6686958295975826,0.12296972750339034,CONFIRMED
9573539,1,K00180.01,CONFIRMED,0.04431320395768924,0.9528097122308984,0.002877083811412328,CONFIRMED
12504988,1,K00181.01,FALSE POSITIVE,0.0464115378823999,0.0011008522528541719,0.9524876098647459,FALSE POSITIVE
5376836,1,K00182.01,CANDIDATE,0.4619466762166728,0.0015466898815057993,0.5365066339018214,FALSE POSITIVE
9651668,1,K00183.01,CONFIRMED,0.12990855704077098,0.8525545199997593,0.01753692295946961,CONFIRMED
7972785,1,K00184.01,FALSE POSITIVE,0.011545978109229166,0.24332962837717834,0.7451243935135926,FALSE POSITIVE
4178389,1,K00185.01,FALSE POSITIVE,0.0009001949682561921,1.1473814083622903e-06,0.9990986576503353,FALSE POSITIVE
12019440,1,K00186.01,CONFIRMED,0.0649638943199004,0.9289314268817673,0.006104678798332141,CONFIRMED
7023960,1,K00187.01,FALSE POSITIVE,0.03897393392747905,0.16298782673299117,0.7980382393395299,FALSE POSITIVE
5357901,1,K00188.01,CONFIRMED,0.0475198371606556,0.9518403517251467,0.0006398111141978143,CONFIRMED
11391018,1,K00189.01,CONFIRMED,0.014885837264207568,0.9542954623134817,0.03081870042231074,CONFIRMED
5771719,1,K00190.01,FALSE POSITIVE,0.19301668466045724,0.0014739274452871894,0.8055093878942554,FALSE POSITIVE
5972334,1,K00191.01,CONFIRMED,0.041208377961801095,0.9493924969521257,0.009399125086073304,CONFIRMED
5972334,2,K00191.02,CANDIDATE,0.07776345632698808,0.9148965868981898,0.0073399567748221916,CONFIRMED
5972334,3,K00191.03,CANDIDATE,0.06202247591445375,0.8998264475607655,0.0381510765247807,CONFIRMED
5972334,4,K00191.04,CONFIRMED,0.21112490025899774,0.7052140397434439,0.08366105999755831,CONFIRMED
7950644,1,K00192.01,CONFIRMED,0.05013680989153042,0.8195416036597619,0.13032158644870753,CONFIRMED
10799735,1,K00193.01,FALSE POSITIVE,0.33273662005712357,0.05277739894895799,0.6144859809939185,FALSE POSITIVE
10904857,1,K00194.01,CONFIRMED,0.4785221098545783,0.025715442854125022,0.49576244729129665,FALSE POSITIVE
11502867,1,K00195.01,CONFIRMED,0.19946517268175845,0.7938526905247053,0.006682136793536282,CONFIRMED
9410930,1,K00196.01,CONFIRMED,0.16127512913329312,0.7973223276478116,0.04140254321889533,CONFIRMED
2987027,1,K00197.01,CONFIRMED,0.08653430876981562,0.8989796257365742,0.014486065493610211,CONFIRMED
10666242,1,K00198.01,FALSE POSITIVE,0.025595400590372252,0.005045421222293585,0.9693591781873342,FALSE POSITIVE
10019708,1,K00199.01,CONFIRMED,0.042897052740243885,0.9522272251945506,0.004875722065205698,CONFIRMED
10019708,2,K00199.02,FALSE POSITIVE,0.02515749485530575,0.03242748904528826,0.942415016099406,FALSE POSITIVE
6046540,1,K00200.01,CONFIRMED,0.05974253169334088,0.9345686124466047,0.005688855860054334,CONFIRMED
6849046,1,K00201.01,CONFIRMED,0.06390373200635757,0.921266801227088,0.01482946676655452,CONFIRMED
7877496,1,K00202.01,CONFIRMED,0.21154599334399546,0.7779278868673156,0.010526119788688853,CONFIRMED
10619192,1,K00203.01,CONFIRMED,0.2507166248635004,0.7327280871094248,0.01655528802707478,CONFIRMED
9305831,1,K00204.01,CONFIRMED,0.11897526961195729,0.8082251663948521,0.07279956399319058,CONFIRMED
7046804,1,K00205.01,CONFIRMED,0.04503775010802361,0.9472678977983859,0.007694352093590463,CONFIRMED
5728139,1,K00206.01,CONFIRMED,0.11463642516127079,0.8757103444270875,0.009653230411641749,CONFIRMED
3762468,1,K00208.01,CONFIRMED,0.06907646894433424,0.9108770463184225,0.02004648473724342,CONFIRMED
10723750,1,K00209.01,CONFIRMED,0.04225432006239174,0.9477607819268647,0.009984898010743334,CONFIRMED
10723750,2,K00209.02,CONFIRMED,0.022703376259298434,0.9767672738867308,0.000529349853970759,CONFIRMED
10602291,1,K00210.01,FALSE POSITIVE,0.03147208575252597,0.0007099922033800904,0.967817922044094,FALSE POSITIVE
10656508,1,K00211.01,CANDIDATE,0.3642031213448931,0.6097324900413511,0.026064388613755724,CONFIRMED
6300348,1,K00212.01,CANDIDATE,0.44378644342634754,0.5398224281521834,0.016391128421469114,CONFIRMED
9164836,1,K00213.01,FALSE POSITIVE,7.705389408245277e-06,3.17425474160534e-07,0.9999919771851175,FALSE POSITIVE
11046458,1,K00214.01,CONFIRMED,0.1750239626195541,0.671934817346748,0.1530412200336979,CONFIRMED
12508335,1,K00215.01,FALSE POSITIVE,0.03459796432319514,0.0009064806616884309,0.9644955550151163,FALSE POSITIVE
6152974,1,K00216.01,CONFIRMED,0.07102851846556048,0.9282123408659674,0.000759140668472251,CONFIRMED
6152974,2,K00216.02,CONFIRMED,0.2488810615271832,0.7490142617678646,0.0021046767049523866,CONFIRMED
9595827,1,K00217.01,CONFIRMED,0.11349665889803494,0.8543847950615615,0.032118546040403456,CONFIRMED
9838975,1,K00218.01,FALSE POSITIVE,0.02867646449125565,0.021612330135952675,0.9497112053727917,FALSE POSITIVE
6305192,1,K00219.01,CONFIRMED,0.06772815265188575,0.9262104524911863,0.006061394856927917,CONFIRMED
7132798,1,K00220.01,CONFIRMED,0.034164306997200834,0.9649983122674116,0.0008373807353877742,CONFIRMED
7132798,2,K00220.02,CONFIRMED,0.23274334351348197,0.7650053216537859,0.002251334832732229,CONFIRMED
3937519,1,K00221.01,CONFIRMED,0.04595982960682167,0.951956450852625,0.002083719540553209,CONFIRMED
3937519,2,K00221.02,CANDIDATE,0.34805882262690957,0.6489217661682869,0.003019411204803513,CONFIRMED
4249725,1,K00222.01,CONFIRMED,0.04748065327045225,0.9170929726674419,0.03542637406210572,CONFIRMED
4249725,2,K00222.02,CONFIRMED,0.054388089202592395,0.9257201542816399,0.019891756515767765,CONFIRMED
4545187,1,K00223.01,CONFIRMED,0.059976132151429114,0.865657260933903,0.07436660691466788,CONFIRMED
4545187,2,K00223.02,CONFIRMED,0.11276510590045714,0.8847031705021804,0.002531723597362509,CONFIRMED
5547480,1,K00224.01,FALSE POSITIVE,0.010624500035272776,2.603335057367463e-05,0.9893494666141536,FALSE POSITIVE
5801571,1,K00225.01,FALSE POSITIVE,0.49952542109033765,0.46601761737530367,0.0344569615343587,CANDIDATE
5959753,1,K00226.01,CONFIRMED,0.10351885016838992,0.8924738997370462,0.004007250094563918,CONFIRMED
3847907,1,K00229.01,CONFIRMED,0.04666936461997803,0.9332243816931841,0.02010625368683775,CONFIRMED
3862246,1,K00230.01,FALSE POSITIVE,0.04292122333881464,0.0018025785109720958,0.9552761981502131,FALSE POSITIVE
4043443,1,K00231.01,FALSE POSITIVE,0.1585316787533997,0.00602877845497358,0.8354395427916268,FALSE POSITIVE
4833421,1,K00232.01,CONFIRMED,0.0606665551339902,0.9102245868972804,0.029108857968729505,CONFIRMED
4833421,2,K00232.02,CONFIRMED,0.07825551363723496,0.8949255227612235,0.02681896360154149,CONFIRMED
4833421,3,K00232.03,CONFIRMED,0.18933770883518758,0.7797774920922178,0.03088479907259472,CONFIRMED
4833421,4,K00232.04,CONFIRMED,0.10038653325900618,0.8283182068775194,0.07129525986347438,CONFIRMED
4833421,5,K00232.05,CONFIRMED,0.140576018634581,0.7534595600493925,0.10596442131602636,CONFIRMED
5023956,1,K00233.01,FALSE POSITIVE,0.018140510715251933,0.00032411526330773215,0.9815353740214403,FALSE POSITIVE
8491277,1,K00234.01,CONFIRMED,0.06605555096910538,0.9213554258692435,0.012589023161651235,CONFIRMED
8107225,1,K00235.01,CONFIRMED,0.07984447498658333,0.6405552391123375,0.27960028590107916,CONFIRMED
8453211,1,K00236.01,FALSE POSITIVE,0.0007409169062177813,0.0006814358588948604,0.9985776472348874,FALSE POSITIVE
8041216,1,K00237.01,CONFIRMED,0.08680493627172217,0.9129723086566324,0.00022275507164545914,CONFIRMED
7219825,1,K00238.01,CONFIRMED,0.0581349940746542,0.9411108830344564,0.0007541228908891994,CONFIRMED
7219825,2,K00238.02,CONFIRMED,0.5178828783677798,0.28382445951801344,0.19829266211420674,CANDIDATE
7219825,3,K00238.03,CANDIDATE,0.31837234457757085,0.630703277749926,0.05092437767250318,CONFIRMED
6383785,1,K00239.01,CONFIRMED,0.12183360759575175,0.8693367454396346,0.008829646964613592,CONFIRMED
6383785,2,K00239.02,CANDIDATE,0.13453634024823705,0.8532339474246154,0.012229712327147544,CONFIRMED
8026752,1,K00240.01,CONFIRMED,0.02067614841285281,0.5298327613371757,0.44949109024997147,CONFIRMED
11288051,1,K00241.01,CONFIRMED,0.04395525644387537,0.9535190520562401,0.0025256914998843913,CONFIRMED
11288051,2,K00241.02,CONFIRMED,0.1201198832073357,0.8776027422246558,0.0022773745680084332,CONFIRMED
11288051,3,K00241.03,CONFIRMED,0.08176480621127201,0.8905484577464423,0.027686736042285675,CONFIRMED
3642741,1,K00242.01,FALSE POSITIVE,0.07262208619865822,0.89885398027886,0.02852393352248168,CONFIRMED
9592579,1,K00243.01,FALSE POSITIVE,0.0025987606536521535,0.00012408128912539906,0.9972771580572225,FALSE POSITIVE
4349452,1,K00244.01,CONFIRMED,0.24670377358614848,0.7507497070473557,0.0025465193664958997,CONFIRMED
4349452,2,K00244.02,CONFIRMED,0.08541751294888594,0.9107714551322014,0.003811031918912711,CONFIRMED
8478994,1,K00245.01,CONFIRMED,0.13639891325419723,0.8152492645965254,0.04835182214927747,CONFIRMED
8478994,2,K00245.02,CONFIRMED,0.14290132961419558,0.7557325528294645,0.10136611755633984,CONFIRMED
11295426,1,K00246.01,CONFIRMED,0.07461140331990991,0.9054471986760602,0.01994139800403,CONFIRMED
11295426,2,K00246.02,CONFIRMED,0.1993419154120518,0.7816009794973705,0.01905710509057759,CONFIRMED
11852982,1,K00247.01,CANDIDATE,0.1571825259676009,0.8123747716691266,0.03044270236327243,CONFIRMED
5364071,1,K00248.01,CONFIRMED,0.051599390548582265,0.9422674208410091,0.0061331886104083865,CONFIRMED
5364071,2,K00248.02,CONFIRMED,0.05290968858454814,0.9405570986169739,0.006533212798477895,CONFIRMED
5364071,3,K00248.03,CONFIRMED,0.06909862653216312,0.9099013082810719,0.021000065186765112,CONFIRMED
5364071,4,K00248.04,CONFIRMED,0.11960056350061335,0.8180803234372728,0.0623191130621139,CONFIRMED
9390653,1,K00249.01,CONFIRMED,0.1871330014699241,0.7525547933503433,0.06031220517973259,CONFIRMED
9757613,1,K00250.01,CONFIRMED,0.04052611816807293,0.9523518941770881,0.007121987654839105,CONFIRMED
9757613,2,K00250.02,CONFIRMED,0.1218583723477433,0.8718759486288112,0.006265679023445571,CONFIRMED
9757613,3,K00250.03,CONFIRMED,0.11078931914641409,0.8795360019087272,0.009674678944858716,CONFIRMED
9757613,4,K00250.04,CONFIRMED,0.08179800637357953,0.8512900389897154,0.0669119546367051,CONFIRMED
10489206,1,K00251.01,CONFIRMED,0.0489877559880494,0.9457028259652758,0.0053094180466748036,CONFIRMED
10489206,2,K00251.02,CONFIRMED,0.2812058298003625,0.7111642245981856,0.007629945601451752,CONFIRMED
11187837,1,K00252.01,CANDIDATE,0.08984917228330548,0.8925335372564295,0.017617290460265157,CONFIRMED
11752906,1,K00253.01,CANDIDATE,0.1649543234888604,0.8025318983964127,0.0325137781147268,CONFIRMED
11752906,2,K00253.02,CANDIDATE,0.27149584864159637,0.6911920289858945,0.03731212237250904,CONFIRMED
5794240,1,K00254.01,CONFIRMED,0.07768330956781523,0.8994590637488443,0.022857626683340494,CONFIRMED
7021681,1,K00255.01,CONFIRMED,0.041485455122500285,0.9557126461327227,0.002801898744776953,CONFIRMED
7021681,2,K00255.02,CANDIDATE,0.6938374006800926,0.2957209701642939,0.010441629155613547,CANDIDATE
7021681,3,K00255.03,FALSE POSITIVE,0.5384233964950974,0.2759562559508409,0.18562034755406165,CANDIDATE
11548140,1,K00256.01,FALSE POSITIVE,0.03510269650258045,0.552239310713965,0.41265799278345455,CONFIRMED
5514383,1,K00257.01,CONFIRMED,0.15738152896670582,0.6708733600740673,0.17174511095922687,CONFIRMED
11231334,1,K00258.01,FALSE POSITIVE,0.017109019800728972,0.0022885980325215174,0.9806023821667494,FALSE POSITIVE
5790807,1,K00259.01,FALSE POSITIVE,0.3248416477358316,0.023932811397530236,0.6512255408666382,FALSE POSITIVE
8292840,1,K00260.01,CONFIRMED,0.08690345711464308,0.9101631288491555,0.0029334140362013506,CONFIRMED
8292840,2,K00260.02,CONFIRMED,0.058357779285882004,0.9171471252922803,0.024495095421837754,CONFIRMED
8292840,3,K00260.03,CONFIRMED,0.1656903116970471,0.7742970223065045,0.06001266599644831,CONFIRMED
5383248,1,K00261.01,CONFIRMED,0.19111719685533513,0.7507880101878424,0.05809479295682262,CONFIRMED
11807274,1,K00262.01,CONFIRMED,0.13601763281522894,0.857479181830758,0.006503185354013216,CONFIRMED
11807274,2,K00262.02,CONFIRMED,0.26991692052315086,0.7197257717390647,0.01035730773778434,CONFIRMED
10514430,1,K00263.01,FALSE POSITIVE,0.6168281241011844,0.08303680582111084,0.30013507007770485,CANDIDATE
3097346,1,K00264.01,FALSE POSITIVE,0.004093472365610696,0.0001654057839145209,0.9957411218504748,FALSE POSITIVE
12024120,1,K00265.01,CONFIRMED,0.10001641254065545,0.8997260576680493,0.0002575297912953366,CONFIRMED
7375348,1,K00266.01,CONFIRMED,0.050254043233914414,0.9494811144646124,0.0002648423014732346,CONFIRMED
7375348,2,K00266.02,CANDIDATE,0.4200444868897291,0.5787371118519629,0.001218401258308165,CONFIRMED
3425851,1,K00268.01,CANDIDATE,0.24470229799215587,0.7516227132855003,0.0036749887223436837,CONFIRMED
7670943,1,K00269.01,CANDIDATE,0.12760637069198205,0.8641303369767028,0.008263292331315026,CONFIRMED
6528464,1,K00270.01,CONFIRMED,0.15527828837905808,0.6825764283618913,0.16214528325905064,CONFIRMED
6528464,2,K00270.02,CONFIRMED,0.18564798359717538,0.6436667513461629,0.17068526505666176,CONFIRMED
9451706,1,K00271.01,CONFIRMED,0.13825337392244258,0.7235943571068124,0.1381522689707451,CONFIRMED
9451706,2,K00271.02,CONFIRMED,0.15414047813342746,0.7039366305065672,0.1419228913600054,CONFIRMED
9451706,3,K00271.03,CONFIRMED,0.1662992848866864,0.6653607618440934,0.16833995326922016,CONFIRMED
5716763,1,K00272.01,FALSE POSITIVE,0.3490701735835323,0.1886231440741422,0.4623066823423256,FALSE POSITIVE
3102384,1,K00273.01,CONFIRMED,0.1674710777969068,0.6515765638983141,0.18095235830477904,CONFIRMED
8077137,1,K00274.01,CONFIRMED,0.3595450763565674,0.6322382287082472,0.008216694935185386,CONFIRMED
8077137,2,K00274.02,CONFIRMED,0.3836809060141624,0.6091716540827865,0.007147439903051033,CONFIRMED
10586004,1,K00275.01,CONFIRMED,0.06629280981232508,0.9304384051893096,0.003268784998365158,CONFIRMED
10586004,2,K00275.02,CONFIRMED,0.14205596508362672,0.8542037812053229,0.0037402537110502185,CONFIRMED
11133306,1,K00276.01,CONFIRMED,0.11342479646678973,0.8682588283328455,0.018316375200364724,CONFIRMED
11401755,1,K00277.01,CONFIRMED,0.13396951517519082,0.809570960586605,0.05645952423820413,CONFIRMED
11401755,2,K00277.02,CONFIRMED,0.07297994631615543,0.7144783305362281,0.21254172314761643,CONFIRMED
12314973,1,K00279.01,CONFIRMED,0.04636514324318283,0.9530763477627194,0.0005585089940976509,CONFIRMED
12314973,2,K00279.02,CONFIRMED,0.062103620303901146,0.9368106914021609,0.0010856882939380091,CONFIRMED
12314973,3,K00279.03,CONFIRMED,0.5306700226856161,0.45098734990451167,0.01834262740987221,CANDIDATE
4141376,1,K00280.01,CONFIRMED,0.14610105474738327,0.7669084365035563,0.0869905087490604,CONFIRMED
4143755,1,K00281.01,CONFIRMED,0.16015351106851816,0.8092218154461448,0.03062467348533715,CONFIRMED
5088536,1,K00282.01,CONFIRMED,0.08729436404542712,0.8948607017217824,0.017844934232790474,CONFIRMED
5088536,2,K00282.02,CONFIRMED,0.12406963132635551,0.8473297917383137,0.02860057693533087,CONFIRMED
5088536,3,K00282.03,CONFIRMED,0.4911052734810084,0.45461568571548905,0.054279040803502564,CANDIDATE
5695396,1,K00283.01,CONFIRMED,0.035715967739095814,0.9629984643185505,0.001285567942353612,CONFIRMED
5695396,2,K00283.02,CONFIRMED,0.4269743980552081,0.5629471782507638,0.010078423694028164,CONFIRMED
6021275,1,K00284.01,CONFIRMED,0.0691127305563858,0.9124703310732527,0.018416938370361534,CONFIRMED
6021275,2,K00284.02,CONFIRMED,0.11151008933132382,0.8717320522371236,0.01675785843155252,CONFIRMED
6021275,3,K00284.03,CONFIRMED,0.056807618492955195,0.9171312527863318,0.026061128720713,CONFIRMED
6021275,4,K00284.04,CONFIRMED,0.3301908040141611,0.5008804826771706,0.1689287133086683,CONFIRMED
6196457,1,K00285.01,CONFIRMED,0.027364785134213535,0.9710823273834192,0.0015528874823673852,CONFIRMED
6196457,2,K00285.02,CONFIRMED,0.049402472090709144,0.9483755051756273,0.0022220227336634765,CONFIRMED
6196457,3,K00285.03,CONFIRMED,0.11571020861707695,0.8796705984566472,0.004619192926275837,CONFIRMED
8258171,1,K00286.01,FALSE POSITIVE,0.003168987477551671,2.822625919739145e-05,0.9968027862632509,FALSE POSITIVE
8703887,1,K00287.01,FALSE POSITIVE,0.04432015856998166,0.0011061369311616883,0.9545737044988566,FALSE POSITIVE
9592705,1,K00288.01,CANDIDATE,0.12781537957872136,0.8668328487564696,0.005351771664809163,CONFIRMED
10386922,1,K00289.01,CANDIDATE,0.19807524126920487,0.67898604897248,0.12293870975831492,CONFIRMED
10386922,2,K00289.02,CONFIRMED,0.01749182147631814,0.9815804333972369,0.0009277451264449371,CONFIRMED
10488450,1,K00290.01,FALSE POSITIVE,0.005224961969811024,0.0009621462105928559,0.9938128918195961,FALSE POSITIVE
10933561,1,K00291.01,CONFIRMED,0.06076932563560713,0.9391736821576399,5.6992206753106015e-05,CONFIRMED
10933561,2,K00291.02,CONFIRMED,0.3914678175003644,0.6077301078810253,0.0008020746186101808,CONFIRMED
11075737,1,K00292.01,CONFIRMED,0.130414756364318,0.8693756726840289,0.00020957095165306333,CONFIRMED
11200415,1,K00293.01,FALSE POSITIVE,0.007452986975409161,0.0005715324551255179,0.9919754805694653,FALSE POSITIVE
11259686,1,K00294.01,CONFIRMED,0.14571732583026434,0.8346336491380262,0.019649025031709403,CONFIRMED
11547513,1,K00295.01,CONFIRMED,0.017461391847393995,0.9824547232856612,8.388486694475905e-05,CONFIRMED
11547513,2,K00295.02,CONFIRMED,0.14529871464247449,0.8520390846558344,0.002662200701690903,CONFIRMED
11802615,1,K00296.01,CONFIRMED,0.04262435413218237,0.9570618045151723,0.00031384135264526193,CONFIRMED
11905011,1,K00297.01,CONFIRMED,0.14090059428816362,0.7972816394038432,0.061817766307993155,CONFIRMED
12785320,1,K00298.01,CONFIRMED,0.15715958504973288,0.8361562134889933,0.006684201461274006,CONFIRMED
12785320,2,K00298.02,CANDIDATE,0.28500385113906834,0.7102304460752008,0.004765702785730832,CONFIRMED
2692377,1,K00299.01,CONFIRMED,0.12759016662631242,0.39888376285076776,0.4735260705229199,FALSE POSITIVE
3438975,1,K00300.01,FALSE POSITIVE,0.10716460839377245,0.005020021504762761,0.8878153701014648,FALSE POSITIVE
3642289,1,K00301.01,CONFIRMED,0.06169800280774682,0.9351090831787392,0.003192914013513899,CONFIRMED
3642289,2,K00301.02,CONFIRMED,0.058783610842551993,0.9329572431229722,0.008259146034475777,CONFIRMED
3662838,1,K00302.01,CONFIRMED,0.059164468603380996,0.898807694432921,0.04202783696369805,CONFIRMED
5966322,1,K00303.01,CONFIRMED,0.22297118270656993,0.7766864711711224,0.00034234612230759595,CONFIRMED
6029239,1,K00304.01,CONFIRMED,0.039951025363288026,0.9593622185253513,0.0006867561113607439,CONFIRMED
6029239,2,K00304.02,CANDIDATE,0.9315770305230495,0.06086503220857272,0.007557937268377825,CANDIDATE
6063220,1,K00305.01,CONFIRMED,0.185274675133127,0.7791905207928667,0.035534804074006256,CONFIRMED
6071903,1,K00306.01,CONFIRMED,0.14985730915903858,0.8496875318580052,0.0004551589829563766,CONFIRMED
6289257,1,K00307.01,CONFIRMED,0.1344982108031496,0.8653918142432573,0.00010997495359323793,CONFIRMED
6289257,2,K00307.02,CONFIRMED,0.043667999354791376,0.9545329470136369,0.0017990536315718232,CONFIRMED
6291837,1,K00308.01,CANDIDATE,0.5535527381111315,0.44493062639256226,0.0015166354963063306,CANDIDATE
7024222,1,K00309.01,FALSE POSITIVE,0.0024205780761253214,0.00023365362567947032,0.9973457682981952,FALSE POSITIVE
7050989,1,K00312.01,CONFIRMED,0.05203119548625749,0.9479139457213415,5.4858792401059627e-05,CONFIRMED
7050989,2,K00312.02,CONFIRMED,0.04539244692665867,0.9532285992834452,0.0013789537898960603,CONFIRMED
7419318,1,K00313.01,CONFIRMED,0.06246275759759231,0.9335714022335565,0.003965840168851059,CONFIRMED
7419318,2,K00313.02,CONFIRMED,0.038885656730271174,0.9027958872836679,0.05831845598606099,CONFIRMED
7603200,1,K00314.01,CONFIRMED,0.037403868816052455,0.957276060457726,0.005320070726221582,CONFIRMED
