kepid,tce_plnt_num,kepoi_name,koi_disposition,CANDIDATE,CONFIRMED,FALSE POSITIVE,y_pred
11446443,1,K00001.01,CONFIRMED,0.37770934630359043,0.5918321502554035,0.030458503441005973,CONFIRMED
10666592,1,K00002.01,CONFIRMED,0.191015049661609,0.7473447825967947,0.06164016774159619,CONFIRMED
10748390,1,K00003.01,CONFIRMED,0.31266219853396743,0.6578777867079121,0.02946001475812052,CONFIRMED
3861595,1,K00004.01,CONFIRMED,0.8107479899705611,0.013974361059906619,0.17527764896953235,CANDIDATE
8554498,1,K00005.01,CANDIDATE,0.42388680289227454,0.5521673176709714,0.023945879436753963,CONFIRMED
3248033,1,K00006.01,FALSE POSITIVE,0.08129502199313639,0.03972800777170529,0.8789769702351583,FALSE POSITIVE
11853905,1,K00007.01,CONFIRMED,0.06762401487990438,0.9287290991667725,0.0036468859533230393,CONFIRMED
5903312,1,K00008.01,FALSE POSITIVE,0.010732417551400008,0.0028395965990808056,0.9864279858495192,FALSE POSITIVE
11553706,1,K00009.01,FALSE POSITIVE,0.01512493794149552,2.895932717300154e-05,0.9848461027313314,FALSE POSITIVE
6922244,1,K00010.01,CONFIRMED,0.08352972688005975,0.9064300017354519,0.010040271384488453,CONFIRMED
11913073,1,K00011.01,FALSE POSITIVE,0.031879474756510456,0.0002947221941643638,0.9678258030493252,FALSE POSITIVE
5812701,1,K00012.01,CONFIRMED,0.26015449633134846,0.7192480783368781,0.02059742533177354,CONFIRMED
9941662,1,K00013.01,CONFIRMED,0.28258164584661494,0.5247457089721864,0.19267264518119875,CONFIRMED
7684873,1,K00014.01,FALSE POSITIVE,0.310034326062737,0.006501347440520832,0.6834643264967422,FALSE POSITIVE
3964562,1,K00015.01,FALSE POSITIVE,0.07006317539325488,0.053675153005961575,0.8762616716007836,FALSE POSITIVE
9110357,1,K00016.01,FALSE POSITIVE,0.018416559167527907,0.03193364498260156,0.9496497958498705,FALSE POSITIVE
10874614,1,K00017.01,CONFIRMED,0.03735171802982119,0.9343903193554395,0.028257962614739243,CONFIRMED
8191672,1,K00018.01,CONFIRMED,0.09501907545404446,0.8932514275982878,0.01172949694766769,CONFIRMED
7255336,1,K00019.01,FALSE POSITIVE,0.3585761228840532,0.08326892151488065,0.5581549556010662,FALSE POSITIVE
11804465,1,K00020.01,CONFIRMED,0.0394228882260964,0.5792597668542324,0.3813173449196711,CONFIRMED
10125352,1,K00021.01,FALSE POSITIVE,0.017743644669973354,8.768192030626379e-05,0.9821686734097204,FALSE POSITIVE
9631995,1,K00022.01,CONFIRMED,0.07628637031417729,0.8348602336473343,0.08885339603848846,CONFIRMED
9071386,1,K00023.01,FALSE POSITIVE,0.04798788606314322,0.3469703084945454,0.6050418054423115,FALSE POSITIVE
4743513,1,K00024.01,FALSE POSITIVE,0.03575949262815199,8.184191450232881e-05,0.9641586654573456,FALSE POSITIVE
10593759,1,K00025.01,FALSE POSITIVE,0.0003288979211495836,8.76813736597043e-07,0.9996702252651138,FALSE POSITIVE
5021737,1,K00026.01,FALSE POSITIVE,0.00012189461718166241,1.8637883088885913e-06,0.9998762415945095,FALSE POSITIVE
3832716,1,K00027.01,FALSE POSITIVE,0.000578952922025722,0.013920289958670727,0.9855007571193036,FALSE POSITIVE
4247791,1,K00028.01,FALSE POSITIVE,0.0015599049971075525,3.2573683596204936e-06,0.9984368376345328,FALSE POSITIVE
6956014,1,K00031.01,FALSE POSITIVE,0.21949193571551606,0.0064765827035123515,0.7740314815809716,FALSE POSITIVE
5725087,1,K00033.01,FALSE POSITIVE,0.2843767039486302,0.0032771128607353467,0.7123461831906345,FALSE POSITIVE
6521045,1,K00041.01,CONFIRMED,0.0735030684263318,0.9245521026111455,0.0019448289625226848,CONFIRMED
6521045,2,K00041.02,CONFIRMED,0.09221530342343356,0.9017117516971637,0.006072944879402821,CONFIRMED
6521045,3,K00041.03,CONFIRMED,0.15977296853192832,0.8310492276526255,0.009177803815446155,CONFIRMED
8866102,1,K00042.01,CONFIRMED,0.10894306860010372,0.8801907151925441,0.010866216207352114,CONFIRMED
9025922,1,K00043.01,FALSE POSITIVE,0.025726343386757878,0.027894471711812984,0.9463791849014291,FALSE POSITIVE
8845026,1,K00044.01,FALSE POSITIVE,0.07957764182509451,0.1698785454837987,0.7505438126911068,FALSE POSITIVE
3742855,1,K00045.01,FALSE POSITIVE,0.02885933671882805,0.11827617243652962,0.8528644908446422,FALSE POSITIVE
10905239,1,K00046.01,CONFIRMED,0.02580944873135473,0.915833018186602,0.058357533082043125,CONFIRMED
10905239,2,K00046.02,CONFIRMED,0.737679462861323,0.20961804683215993,0.052702490306516935,CANDIDATE
7837302,1,K00048.01,FALSE POSITIVE,0.00020906904325342603,3.8952736046794415e-08,0.9997908920040106,FALSE POSITIVE
9527334,1,K00049.01,CONFIRMED,0.08856148493163507,0.9113372179803297,0.00010129708803519795,CONFIRMED
6056992,1,K00051.01,FALSE POSITIVE,0.117771572684526,0.02025268613567239,0.8619757411798016,FALSE POSITIVE
3558981,1,K00052.01,FALSE POSITIVE,0.4383360902096658,0.003544571690728326,0.5581193380996059,FALSE POSITIVE
2445975,1,K00053.01,FALSE POSITIVE,0.1297314469338519,0.09567871069700172,0.7745898423691464,FALSE POSITIVE
8248939,1,K00061.01,FALSE POSITIVE,0.0414769143531296,0.004308576192466351,0.9542145094544041,FALSE POSITIVE
11554435,1,K00063.01,CONFIRMED,0.19272648803181838,0.6887490269181268,0.11852448505005489,CONFIRMED
7051180,1,K00064.01,CANDIDATE,0.4674187145626842,0.44339949606337586,0.08918178937393985,CANDIDATE
10620329,1,K00066.01,FALSE POSITIVE,0.12568344025618108,0.020785870082820485,0.8535306896609984,FALSE POSITIVE
8669092,1,K00068.01,FALSE POSITIVE,0.40547088405246295,0.03876256643484104,0.555766549512696,FALSE POSITIVE
3544595,1,K00069.01,CONFIRMED,0.13691995018216735,0.7788236609244034,0.08425638889342929,CONFIRMED
6850504,1,K00070.01,CONFIRMED,0.06509139256397993,0.9236993227850342,0.011209284650985982,CONFIRMED
6850504,2,K00070.02,CONFIRMED,0.058721887966149945,0.9250673645750116,0.016210747458838423,CONFIRMED
6850504,3,K00070.03,CONFIRMED,0.06733634042674394,0.9149359866472957,0.017727672925960322,CONFIRMED
6850504,4,K00070.04,CONFIRMED,0.12819123507959504,0.8101799557721341,0.06162880914827092,CONFIRMED
6850504,5,K00070.05,CONFIRMED,0.19083181728888404,0.6555798580734564,0.1535883246376595,CONFIRMED
11904151,1,K00072.01,CONFIRMED,0.05096299520405413,0.9399560310452177,0.009080973750728272,CONFIRMED
11904151,2,K00072.02,CONFIRMED,0.06952533164723664,0.9109299699805704,0.019544698372192987,CONFIRMED
6889235,1,K00074.01,FALSE POSITIVE,0.02700367924256658,0.045292904654263964,0.9277034161031694,FALSE POSITIVE
7199397,1,K00075.01,CANDIDATE,0.19929305649984858,0.5821647622015881,0.21854218129856343,CONFIRMED
9955262,1,K00076.01,FALSE POSITIVE,0.4281492034853756,0.2885608167932673,0.28328997972135717,CANDIDATE
9552608,1,K00080.01,FALSE POSITIVE,0.1337925659577048,0.01584344303684801,0.8503639910054472,FALSE POSITIVE
8823868,1,K00081.01,FALSE POSITIVE,0.017112937940510733,0.07918516020966226,0.903701901849827,FALSE POSITIVE
10187017,1,K00082.01,CONFIRMED,0.05419330327562194,0.9235945729234997,0.022212123800878412,CONFIRMED
10187017,2,K00082.02,CONFIRMED,0.051367210164810294,0.9208222004749554,0.027810589360234346,CONFIRMED
10187017,3,K00082.03,CONFIRMED,0.08988179758960212,0.8725794199316583,0.03753878247873955,CONFIRMED
10187017,4,K00082.04,CONFIRMED,0.060561622915960574,0.9032655920222509,0.03617278506178863,CONFIRMED
10187017,5,K00082.05,CONFIRMED,0.13142823471409024,0.754125571297229,0.11444619398868075,CONFIRMED
10187017,6,K00082.06,CANDIDATE,0.25993861359103526,0.5060150632308369,0.23404632317812782,CONFIRMED
2571238,1,K00084.01,CONFIRMED,0.08972888373867324,0.9076956477487113,0.0025754685126155087,CONFIRMED
5866724,1,K00085.01,CONFIRMED,0.0638530025166069,0.9325880265825868,0.0035589709008062736,CONFIRMED
5866724,2,K00085.02,CONFIRMED,0.06487392022497644,0.9324926792744631,0.002633400500560502,CONFIRMED
5866724,3,K00085.03,CONFIRMED,0.06434479063984296,0.9304642196342686,0.005190989725888484,CONFIRMED
10593626,1,K00087.01,CONFIRMED,0.26137191537405163,0.4962606173620109,0.24236746726393749,CONFIRMED
7700871,1,K00088.01,FALSE POSITIVE,0.007086859844972832,0.001327479776818713,0.9915856603782084,FALSE POSITIVE
8056665,1,K00089.01,CONFIRMED,0.07589561435401299,0.9179915854436644,0.00611280020232255,CONFIRMED
8056665,2,K00089.02,CANDIDATE,0.3741666765482246,0.5623402939184736,0.06349302953330167,CONFIRMED
9210823,1,K00090.01,FALSE POSITIVE,0.03469164758887113,0.0534547150256177,0.9118536373855111,FALSE POSITIVE
7941200,1,K00092.01,CANDIDATE,0.2893393409921787,0.7097518442213818,0.0009088147864394819,CONFIRMED
6462863,1,K00094.01,CONFIRMED,0.04225956771301925,0.9522320575944491,0.005508374692531875,CONFIRMED
6462863,2,K00094.02,CONFIRMED,0.08024187771534337,0.9147180029904569,0.005040119294199901,CONFIRMED
6462863,3,K00094.03,CONFIRMED,0.04939679871842468,0.9327757702388522,0.017827431042723153,CONFIRMED
6462863,4,K00094.04,CONFIRMED,0.16919786849594715,0.7439833286057275,0.08681880289832539,CONFIRMED
5780885,1,K00097.01,CONFIRMED,0.07704191408819042,0.8619177072641048,0.061040378647704785,CONFIRMED
10264660,1,K00098.01,CONFIRMED,0.10756613071672544,0.8605931855780616,0.03184068370521311,CONFIRMED
4055765,1,K00100.01,CANDIDATE,0.19568407328978996,0.010569790928546005,0.793746135781664,FALSE POSITIVE
8456679,1,K00102.01,CANDIDATE,0.4846471689011817,0.5125946494525939,0.0027581816462245415,CONFIRMED
8456679,2,K00102.02,FALSE POSITIVE,0.023608680621419603,0.9716197496401328,0.0047715697384476475,CONFIRMED
2444412,1,K00103.01,CANDIDATE,0.4189778342326844,0.5657305967522877,0.015291569015027833,CONFIRMED
10318874,1,K00104.01,CONFIRMED,0.1591866858843342,0.8063514882450266,0.03446182587063923,CONFIRMED
8711794,1,K00105.01,CONFIRMED,0.2649110895613854,0.6838143071440519,0.051274603294562654,CONFIRMED
10489525,1,K00106.01,FALSE POSITIVE,0.025834570080508098,0.04577055094482751,0.9283948789746643,FALSE POSITIVE
11250587,1,K00107.01,CONFIRMED,0.12313744497128999,0.8352180264282989,0.041644528600411075,CONFIRMED
4914423,1,K00108.01,CONFIRMED,0.06721147670674588,0.9295722232856117,0.0032163000076425212,CONFIRMED
4914423,2,K00108.02,CONFIRMED,0.10443156413310828,0.8895605362293204,0.00600789963757142,CONFIRMED
4752451,1,K00109.01,FALSE POSITIVE,0.003761380359082084,0.0011741931586478134,0.99506442648227,FALSE POSITIVE
9450647,1,K00110.01,CONFIRMED,0.031737757406178374,0.9667213231510011,0.001540919442820484,CONFIRMED
6678383,1,K00111.01,CONFIRMED,0.04675364912370969,0.9249010672809177,0.028345283595372642,CONFIRMED
6678383,2,K00111.02,CONFIRMED,0.04419138758692881,0.9468681172952679,0.008940495117803218,CONFIRMED
6678383,3,K00111.03,CONFIRMED,0.048785188915663726,0.9352371932655149,0.015977617818821406,CONFIRMED
10984090,1,K00112.01,CONFIRMED,0.19760885432005978,0.8021950906710037,0.00019605500893645137,CONFIRMED
10984090,2,K00112.02,CONFIRMED,0.06542602696820717,0.9338584333427353,0.0007155396890574172,CONFIRMED
6721123,1,K00114.01,FALSE POSITIVE,0.0059647687808088825,0.0014596784403713712,0.9925755527788198,FALSE POSITIVE
9579641,1,K00115.01,CONFIRMED,0.03392076070077809,0.9650815350647025,0.0009977042345194404,CONFIRMED
9579641,2,K00115.02,CONFIRMED,0.03483130061339586,0.9633111082215141,0.001857591165090004,CONFIRMED
9579641,3,K00115.03,CANDIDATE,0.13870090862417286,0.7731441239302024,0.0881549674456247,CONFIRMED
8395660,1,K00116.01,CONFIRMED,0.0645227284883389,0.9238802266770381,0.011597044834622976,CONFIRMED
8395660,2,K00116.02,CONFIRMED,0.09654826495346963,0.8965157270034528,0.006936008043077555,CONFIRMED
8395660,3,K00116.03,CONFIRMED,0.23806163953661766,0.7321163741612253,0.029821986302157027,CONFIRMED
8395660,4,K00116.04,CONFIRMED,0.24937352599319051,0.6706946073776388,0.07993186662917064,CONFIRMED
10875245,1,K00117.01,CONFIRMED,0.07781738506038688,0.9113105332324306,0.010872081707182476,CONFIRMED
10875245,2,K00117.02,CONFIRMED,0.09102813583491635,0.8992860494020208,0.00968581476306265,CONFIRMED
10875245,3,K00117.03,CONFIRMED,0.0886091100527795,0.9028067539994309,0.008584135947789721,CONFIRMED
10875245,4,K00117.04,CONFIRMED,0.2786647515720834,0.7022959051176291,0.019039343310287317,CONFIRMED
3531558,1,K00118.01,CONFIRMED,0.12616313025515358,0.8104747613402634,0.06336210840458298,CONFIRMED
9471974,1,K00119.01,CONFIRMED,0.10768551861088566,0.8916415818129109,0.0006728995762035187,CONFIRMED
9471974,2,K00119.02,CONFIRMED,0.11201380569817176,0.8766851226972798,0.011301071604548386,CONFIRMED
11869052,1,K00120.01,CANDIDATE,0.07045775321754476,0.4309604665949732,0.49858178018748206,FALSE POSITIVE
3247396,1,K00121.01,FALSE POSITIVE,0.01835851690772788,4.086482678203425e-05,0.9816006182654899,FALSE POSITIVE
8349582,1,K00122.01,CONFIRMED,0.07711363620426194,0.9177126996851614,0.0051736641105766396,CONFIRMED
5094751,1,K00123.01,CONFIRMED,0.14458151630086227,0.8287629869200562,0.026655496779081463,CONFIRMED
5094751,2,K00123.02,CONFIRMED,0.12504306196520754,0.8607139396109909,0.014242998423801606,CONFIRMED
11086270,1,K00124.01,CONFIRMED,0.055961537477846844,0.9438813534609763,0.00015710906117687618,CONFIRMED
11086270,2,K00124.02,CONFIRMED,0.05250291495334599,0.9456110909639468,0.0018859940827073163,CONFIRMED
11449844,1,K00125.01,CONFIRMED,0.17133140618157675,0.7003792590184276,0.1282893347999958,CONFIRMED
5897826,1,K00126.01,FALSE POSITIVE,0.012843480870826174,0.0072240047531177175,0.9799325143760562,FALSE POSITIVE
5897826,2,K00126.02,CANDIDATE,0.4664100931070127,0.08473139498171439,0.4488585119112729,CANDIDATE
8359498,1,K00127.01,CONFIRMED,0.06480882325886828,0.9283277437014074,0.0068634330397241905,CONFIRMED
11359879,1,K00128.01,CONFIRMED,0.132576544207688,0.7540066298635373,0.11341682592877478,CONFIRMED
11974540,1,K00129.01,CONFIRMED,0.10830109643794802,0.718011778972991,0.17368712458906105,CONFIRMED
5297298,1,K00130.01,CANDIDATE,0.7625716603732083,0.17262170343520764,0.06480663619158397,CANDIDATE
7778437,1,K00131.01,CONFIRMED,0.1261826383314963,0.8468616653389186,0.026955696329585145,CONFIRMED
8892910,1,K00132.01,FALSE POSITIVE,0.012796821110986479,0.0003856561696720895,0.9868175227193414,FALSE POSITIVE
11673674,1,K00133.01,FALSE POSITIVE,0.013231378524195538,0.00014831786367697355,0.9866203036121274,FALSE POSITIVE
9032900,1,K00134.01,FALSE POSITIVE,0.162522370526682,0.01698810163689033,0.8204895278364277,FALSE POSITIVE
9818381,1,K00135.01,CONFIRMED,0.11946510215104306,0.8543101878897635,0.02622470995919356,CONFIRMED
7601633,1,K00136.01,FALSE POSITIVE,0.054939240494024724,0.02646617820702373,0.9185945812989514,FALSE POSITIVE
8644288,1,K00137.01,CONFIRMED,0.08344857888901931,0.9116873399716684,0.004864081139312527,CONFIRMED
8644288,2,K00137.02,CONFIRMED,0.06055862016848622,0.9306993907798411,0.008741989051672585,CONFIRMED
8644288,3,K00137.03,CONFIRMED,0.09675848907961218,0.8951861227193667,0.008055388201021052,CONFIRMED
8506766,1,K00138.01,FALSE POSITIVE,0.031487392560953564,0.0018787014480274565,0.9666339059910191,FALSE POSITIVE
8559644,1,K00139.01,CONFIRMED,0.17809989018680408,0.8009883989169155,0.020911710896280314,CONFIRMED
8559644,2,K00139.02,CONFIRMED,0.03631153004260975,0.9621909560567482,0.001497513900642115,CONFIRMED
5130369,1,K00140.01,FALSE POSITIVE,0.0075144415387925385,0.001119355346728829,0.9913662031144785,FALSE POSITIVE
12105051,1,K00141.01,CANDIDATE,0.2847028423707007,0.7030726475726807,0.012224510056618575,CONFIRMED
4649305,1,K00143.01,CANDIDATE,0.1023605901149971,0.003422567413425887,0.8942168424715771,FALSE POSITIVE
4180280,1,K00144.01,CONFIRMED,0.10746788986164371,0.8830701213078983,0.009461988830457926,CONFIRMED
9904059,1,K00145.01,CANDIDATE,0.7226146683600015,0.06384413162905944,0.213541200010939,CANDIDATE
9048161,1,K00146.01,FALSE POSITIVE,0.0007626395405599567,5.5636633994083585e-05,0.9991817238254459,FALSE POSITIVE
1996679,1,K00147.01,FALSE POSITIVE,0.004311864760262625,2.875286755399409e-05,0.9956593823721833,FALSE POSITIVE
5735762,1,K00148.01,CONFIRMED,0.04585413918402076,0.9535990391643934,0.0005468216515859297,CONFIRMED
5735762,2,K00148.02,CONFIRMED,0.044156141118577005,0.9553751317894853,0.000468727091937588,CONFIRMED
5735762,3,K00148.03,CONFIRMED,0.0750382478729132,0.9076610734094634,0.017300678717623464,CONFIRMED
3835670,1,K00149.01,CONFIRMED,0.028626109381854652,0.9706176500148009,0.000756240603344429,CONFIRMED
7626506,1,K00150.01,CONFIRMED,0.0847352252963629,0.9107325827846566,0.00453219191898049,CONFIRMED
7626506,2,K00150.02,CONFIRMED,0.08105674025437715,0.9138465365861406,0.005096723159482341,CONFIRMED
2307199,1,K00151.01,CANDIDATE,0.41620701083884915,0.0018733764589859835,0.5819196127021649,FALSE POSITIVE
8394721,1,K00152.01,CONFIRMED,0.05100140085043304,0.9380079864368553,0.010990612712711584,CONFIRMED
8394721,2,K00152.02,CONFIRMED,0.05978922314625438,0.9180003169437744,0.022210459909971298,CONFIRMED
8394721,3,K00152.03,CONFIRMED,0.06732667256565736,0.9122092339482106,0.020464093486132127,CONFIRMED
8394721,4,K00152.04,CONFIRMED,0.21104245351779966,0.5968775415911061,0.19208000489109436,CONFIRMED
12252424,1,K00153.01,CONFIRMED,0.042185892622016774,0.9536858675723338,0.004128239805649574,CONFIRMED
12252424,2,K00153.02,CONFIRMED,0.0513743212344267,0.9460817390407824,0.002543939724790959,CONFIRMED
8030148,1,K00155.01,CONFIRMED,0.03856053689052803,0.9582553748139301,0.0031840882955418964,CONFIRMED
10925104,1,K00156.01,CONFIRMED,0.06257480257639995,0.9246306033081944,0.01279459411540573,CONFIRMED
10925104,2,K00156.02,CONFIRMED,0.06644549198425413,0.9222445787549074,0.011309929260838493,CONFIRMED
10925104,3,K00156.03,CONFIRMED,0.061112850718011126,0.9247371885593945,0.014149960722594357,CONFIRMED
6541920,1,K00157.01,CONFIRMED,0.07557783759373043,0.893780580381843,0.030641582024426555,CONFIRMED
6541920,2,K00157.02,CONFIRMED,0.05441248774973269,0.8975043255955867,0.048083186654680685,CONFIRMED
6541920,3,K00157.03,CONFIRMED,0.061531360392042676,0.9179303063110007,0.020538333296956673,CONFIRMED
6541920,4,K00157.04,CONFIRMED,0.05350899487288938,0.8729315235597501,0.07355948156736047,CONFIRMED
6541920,5,K00157.05,CONFIRMED,0.10399372929225836,0.832253259025829,0.06375301168191262,CONFIRMED
6541920,6,K00157.06,CONFIRMED,0.10123263180956549,0.7738539113332912,0.12491345685714332,CONFIRMED
10555375,1,K00158.01,FALSE POSITIVE,0.0017697818949292744,9.727331084426283e-05,0.9981329447942265,FALSE POSITIVE
8972058,1,K00159.01,CONFIRMED,0.021236773798163407,0.9787091072083184,5.411899351807282e-05,CONFIRMED
8972058,2,K00159.02,CONFIRMED,0.3258374132468848,0.6723899536851601,0.0017726330679551624,CONFIRMED
6631721,1,K00160.01,CANDIDATE,0.015708558229204868,3.0647022321318445e-05,0.9842607947484737,FALSE POSITIVE
5084942,1,K00161.01,CONFIRMED,0.1432763654416051,0.8455036504884609,0.011219984069934123,CONFIRMED
8107380,1,K00162.01,CONFIRMED,0.06567803728767549,0.8447563068186956,0.08956565589362889,CONFIRMED
6851425,1,K00163.01,CONFIRMED,0.0892496902394324,0.8991160982313826,0.011634211529185074,CONFIRMED
5652237,1,K00164.01,FALSE POSITIVE,0.009175741375859895,0.0012294539931747219,0.9895948046309653,FALSE POSITIVE
9527915,1,K00165.01,CONFIRMED,0.10149591005175654,0.8938953760973078,0.004608713850935578,CONFIRMED
2441495,1,K00166.01,CONFIRMED,0.14385368947867197,0.8499280437815732,0.006218266739754804,CONFIRMED
11666881,1,K00167.01,CONFIRMED,0.018180354740516328,0.8168587856033611,0.16496085965612262,CONFIRMED
11512246,1,K00168.01,CONFIRMED,0.0884272307837819,0.8892752793214943,0.022297489894723823,CONFIRMED
11512246,2,K00168.02,CONFIRMED,0.1098472863824076,0.8689086068343813,0.021244106783210922,CONFIRMED
11512246,3,K00168.03,CONFIRMED,0.1064767728853506,0.8540858479886846,0.039437379125964664,CONFIRMED
6185711,1,K00169.01,FALSE POSITIVE,0.020597927920514125,0.0008591538294712643,0.9785429182500147,FALSE POSITIVE
11044770,1,K00170.01,FALSE POSITIVE,0.036195092214780185,7.09725499849321e-05,0.963733935235235,FALSE POSITIVE
7831264,1,K00171.01,CONFIRMED,0.03627124580632102,0.963710970779869,1.778341381012124e-05,CONFIRMED
7831264,2,K00171.02,CONFIRMED,0.08199386992435598,0.9167918636326393,0.0012142664430048581,CONFIRMED
8692861,1,K00172.01,CONFIRMED,0.12883715300248758,0.8299968615062523,0.041165985491260035,CONFIRMED
8692861,2,K00172.02,CONFIRMED,0.19516548034459094,0.6709789906441974,0.13385552901121167,CONFIRMED
11402995,1,K00173.01,CONFIRMED,0.039780657752245985,0.9600004293541318,0.0002189128936222891,CONFIRMED
10810838,1,K00174.01,CONFIRMED,0.2353144458493443,0.7373935903375756,0.02729196381308004,CONFIRMED
8323753,1,K00175.01,FALSE POSITIVE,0.0033320831931350024,0.0002094686298423948,0.9964584481770227,FALSE POSITIVE
6442377,1,K00176.01,CONFIRMED,0.054995710102650835,0.9444506935273593,0.0005535963699897939,CONFIRMED
6803202,1,K00177.01,CANDIDATE,0.28505455611250613,0.7148901241972533,5.5319690240661736e-05,CONFIRMED
11455491,1,K00178.01,FALSE POSITIVE,0.0006340722447366429,0.00047090320361276803,0.9988950245516507,FALSE POSITIVE
9663113,1,K00179.01,CONFIRMED,0.03955590713846224,0.9582257014428855,0.002218391418652227,CONFIRMED
9663113,2,K00179.02,CONFIRMED,0.2100334855556114,0.6673188591536485,0.12264765529073994,CONFIRMED
9573539,1,K00180.01,CONFIRMED,0.04363755811961278,0.9534830790228359,0.002879362857551349,CONFIRMED
12504988,1,K00181.01,FALSE POSITIVE,0.045998809468386095,0.001116814671491723,0.9528843758601222,FALSE POSITIVE
5376836,1,K00182.01,CANDIDATE,0.46052908358341416,0.001563888678044965,0.5379070277385408,FALSE POSITIVE
9651668,1,K00183.01,CONFIRMED,0.12863901318989823,0.8538011612555397,0.01755982555456196,CONFIRMED
7972785,1,K00184.01,FALSE POSITIVE,0.011394152479758076,0.24311784230035954,0.7454880052198825,FALSE POSITIVE
4178389,1,K00185.01,FALSE POSITIVE,0.0009261539280797619,1.1703150336128157e-06,0.9990726757568865,FALSE POSITIVE
12019440,1,K00186.01,CONFIRMED,0.06485125584538852,0.9290431863963058,0.006105557758305688,CONFIRMED
7023960,1,K00187.01,FALSE POSITIVE,0.038261752607436424,0.1627822168941229,0.7989560304984407,FALSE POSITIVE
5357901,1,K00188.01,CONFIRMED,0.04705773075159822,0.9523021423592973,0.0006401268891044178,CONFIRMED
11391018,1,K00189.01,CONFIRMED,0.014994395038314158,0.9541797771847801,0.03082582777690577,CONFIRMED
5771719,1,K00190.01,FALSE POSITIVE,0.19198950932091202,0.0014774188399255513,0.8065330718391625,FALSE POSITIVE
5972334,1,K00191.01,CONFIRMED,0.041800704307394805,0.9488035920610342,0.0093957036315711,CONFIRMED
5972334,2,K00191.02,CANDIDATE,0.07864979257289009,0.9140164002249026,0.007333807202207249,CONFIRMED
5972334,3,K00191.03,CANDIDATE,0.0624430204664912,0.8994124388738157,0.03814454065969305,CONFIRMED
5972334,4,K00191.04,CONFIRMED,0.21166998643555163,0.7047627243562773,0.08356728920817104,CONFIRMED
7950644,1,K00192.01,CONFIRMED,0.04996231542500239,0.8196894017551074,0.13034828281989028,CONFIRMED
10799735,1,K00193.01,FALSE POSITIVE,0.3276583081565924,0.05289507770589775,0.6194466141375098,FALSE POSITIVE
10904857,1,K00194.01,CONFIRMED,0.47701315748252465,0.025684034988068115,0.4973028075294073,FALSE POSITIVE
11502867,1,K00195.01,CONFIRMED,0.19809516910352384,0.7952103158337671,0.006694515062709081,CONFIRMED
9410930,1,K00196.01,CONFIRMED,0.16208403899372664,0.7965375863084659,0.04137837469780744,CONFIRMED
2987027,1,K00197.01,CONFIRMED,0.08708026042786463,0.898446567340139,0.014473172231996392,CONFIRMED
10666242,1,K00198.01,FALSE POSITIVE,0.025370225300665603,0.005059600150370176,0.9695701745489642,FALSE POSITIVE
10019708,1,K00199.01,CONFIRMED,0.04310856001364002,0.9520168207292868,0.004874619257073232,CONFIRMED
10019708,2,K00199.02,FALSE POSITIVE,0.024894645753273936,0.03229571698963087,0.9428096372570953,FALSE POSITIVE
6046540,1,K00200.01,CONFIRMED,0.060684237218419326,0.9336323971173607,0.005683365664219937,CONFIRMED
6849046,1,K00201.01,CONFIRMED,0.063738191845421,0.9214293311095052,0.01483247704507392,CONFIRMED
7877496,1,K00202.01,CONFIRMED,0.21270256183450273,0.7767850222799457,0.01051241588555136,CONFIRMED
10619192,1,K00203.01,CONFIRMED,0.25190950560533454,0.7315679042019549,0.016522590192710483,CONFIRMED
9305831,1,K00204.01,CONFIRMED,0.11909003442757043,0.8080864159295434,0.07282354964288622,CONFIRMED
7046804,1,K00205.01,CONFIRMED,0.04569716184410161,0.9466119898730072,0.007690848282891078,CONFIRMED
5728139,1,K00206.01,CONFIRMED,0.11479920601663526,0.8755495766886342,0.009651217294730655,CONFIRMED
3762468,1,K00208.01,CONFIRMED,0.07025401135277522,0.9097167746705147,0.0200292139767102,CONFIRMED
10723750,1,K00209.01,CONFIRMED,0.04193126632744434,0.9480798168297155,0.009988916842840234,CONFIRMED
10723750,2,K00209.02,CONFIRMED,0.022623825731087163,0.9768467781441498,0.000529396124763193,CONFIRMED
10602291,1,K00210.01,FALSE POSITIVE,0.03169729268725208,0.0007098710766983946,0.9675928362360494,FALSE POSITIVE
10656508,1,K00211.01,CANDIDATE,0.36213506095028924,0.6117928069416739,0.026072132108036765,CONFIRMED
6300348,1,K00212.01,CANDIDATE,0.4461508344551388,0.5375265170254697,0.01632264851939139,CONFIRMED
9164836,1,K00213.01,FALSE POSITIVE,7.5515595905849855e-06,3.210729456476446e-07,0.9999921273674639,FALSE POSITIVE
11046458,1,K00214.01,CONFIRMED,0.17440300605520428,0.6723185311579908,0.15327846278680493,CONFIRMED
12508335,1,K00215.01,FALSE POSITIVE,0.034160203577717846,0.0009072013904536156,0.9649325950318285,FALSE POSITIVE
6152974,1,K00216.01,CONFIRMED,0.07076013950524218,0.9284805016739326,0.0007593588208254825,CONFIRMED
6152974,2,K00216.02,CONFIRMED,0.2487577198422965,0.7491370088048495,0.0021052713528541215,CONFIRMED
9595827,1,K00217.01,CONFIRMED,0.11379585884124188,0.8540863695927753,0.0321177715659828,CONFIRMED
9838975,1,K00218.01,FALSE POSITIVE,0.02865095721868912,0.021733660171368477,0.9496153826099425,FALSE POSITIVE
6305192,1,K00219.01,CONFIRMED,0.06713380779433638,0.9268025216471792,0.006063670558484359,CONFIRMED
7132798,1,K00220.01,CONFIRMED,0.03476107073195838,0.9644020685976505,0.0008368606703912396,CONFIRMED
7132798,2,K00220.02,CONFIRMED,0.23476916842152115,0.762985460499064,0.002245371079414766,CONFIRMED
3937519,1,K00221.01,CONFIRMED,0.04572588449785708,0.9521898638533464,0.002084251648796505,CONFIRMED
3937519,2,K00221.02,CANDIDATE,0.3474834907182294,0.6494953809805175,0.0030211283012530066,CONFIRMED
4249725,1,K00222.01,CONFIRMED,0.04891237155426267,0.9157138829139854,0.03537374553175195,CONFIRMED
4249725,2,K00222.02,CONFIRMED,0.055792733635014996,0.924344564894778,0.019862701470206915,CONFIRMED
4545187,1,K00223.01,CONFIRMED,0.06118291425764305,0.8645456889886964,0.07427139675366058,CONFIRMED
4545187,2,K00223.02,CONFIRMED,0.11374162150874288,0.8837292760254701,0.002529102465786963,CONFIRMED
5547480,1,K00224.01,FALSE POSITIVE,0.010695530223629632,2.6596533228918242e-05,0.9892778732431415,FALSE POSITIVE
5801571,1,K00225.01,FALSE POSITIVE,0.500041725727957,0.4655740013635957,0.034384272908447366,CANDIDATE
5959753,1,K00226.01,CONFIRMED,0.10222990262965641,0.8937568773474807,0.004013220022862927,CONFIRMED
3847907,1,K00229.01,CONFIRMED,0.04706760356471444,0.9328349111010202,0.020097485334265287,CONFIRMED
3862246,1,K00230.01,FALSE POSITIVE,0.04250034990549482,0.0017948998584449906,0.9557047502360603,FALSE POSITIVE
4043443,1,K00231.01,FALSE POSITIVE,0.1559112676405324,0.006136704434850708,0.837952027924617,FALSE POSITIVE
4833421,1,K00232.01,CONFIRMED,0.06130255584409004,0.9096048521082409,0.029092592047669036,CONFIRMED
4833421,2,K00232.02,CONFIRMED,0.0790204024971582,0.8941798230029445,0.02679977449989726,CONFIRMED
4833421,3,K00232.03,CONFIRMED,0.18981153050813404,0.7793166940229836,0.030871775468882347,CONFIRMED
4833421,4,K00232.04,CONFIRMED,0.10072937919749642,0.8279934707024784,0.0712771501000252,CONFIRMED
4833421,5,K00232.05,CONFIRMED,0.14087420455812116,0.7531943140206373,0.1059314814212415,CONFIRMED
5023956,1,K00233.01,FALSE POSITIVE,0.01808741805644016,0.0003221217803331051,0.9815904601632268,FALSE POSITIVE
8491277,1,K00234.01,CONFIRMED,0.06544244424908888,0.9219605081052558,0.012597047645655451,CONFIRMED
8107225,1,K00235.01,CONFIRMED,0.07994270487187483,0.6402109918160831,0.2798463033120421,CONFIRMED
8453211,1,K00236.01,FALSE POSITIVE,0.0007470710898637158,0.0006831524960875455,0.9985697764140488,FALSE POSITIVE
8041216,1,K00237.01,CONFIRMED,0.08626939578220871,0.9135077727993702,0.00022283141842098717,CONFIRMED
7219825,1,K00238.01,CONFIRMED,0.058538846424584096,0.9407073468867996,0.000753806688616222,CONFIRMED
7219825,2,K00238.02,CONFIRMED,0.5183557133945733,0.2827736429891097,0.198870643616317,CANDIDATE
7219825,3,K00238.03,CANDIDATE,0.3180203369730494,0.631016188088105,0.050963474938845704,CONFIRMED
6383785,1,K00239.01,CONFIRMED,0.12174627304873314,0.8694234650878105,0.008830261863456227,CONFIRMED
6383785,2,K00239.02,CANDIDATE,0.13419482713436434,0.8535690361701654,0.012236136695470249,CONFIRMED
8026752,1,K00240.01,CONFIRMED,0.02064298521210216,0.529904734342513,0.4494522804453848,CONFIRMED
11288051,1,K00241.01,CONFIRMED,0.04433509779777179,0.9531401463519754,0.002524755850252619,CONFIRMED
11288051,2,K00241.02,CONFIRMED,0.12096484998092223,0.8767598456913542,0.0022753043277234327,CONFIRMED
11288051,3,K00241.03,CONFIRMED,0.08206447450860833,0.8902537075773324,0.027681817914059187,CONFIRMED
3642741,1,K00242.01,FALSE POSITIVE,0.07234167364780122,0.899119613276512,0.02853871307568674,CONFIRMED
9592579,1,K00243.01,FALSE POSITIVE,0.0025946522860578873,0.00012401043064755193,0.9972813372832946,FALSE POSITIVE
4349452,1,K00244.01,CONFIRMED,0.2491175929845065,0.7483440057336339,0.0025384012818595943,CONFIRMED
4349452,2,K00244.02,CONFIRMED,0.08653473502317295,0.9096588178425822,0.003806447134244875,CONFIRMED
8478994,1,K00245.01,CONFIRMED,0.1368436984392471,0.8147881763781677,0.04836812518258517,CONFIRMED
8478994,2,K00245.02,CONFIRMED,0.1430402545245334,0.7555435861786284,0.10141615929683821,CONFIRMED
11295426,1,K00246.01,CONFIRMED,0.07484641822093567,0.9052198751443051,0.01993370663475917,CONFIRMED
11295426,2,K00246.02,CONFIRMED,0.19940581656951184,0.781534963703263,0.019059219727225043,CONFIRMED
11852982,1,K00247.01,CANDIDATE,0.15808195821693335,0.8115119783308355,0.03040606345223115,CONFIRMED
5364071,1,K00248.01,CONFIRMED,0.05291296328037652,0.9409623190921548,0.006124717627468666,CONFIRMED
5364071,2,K00248.02,CONFIRMED,0.054167446085073935,0.9393079194857609,0.0065246344291651605,CONFIRMED
5364071,3,K00248.03,CONFIRMED,0.0703327998591074,0.9086940414066463,0.020973158734246274,CONFIRMED
5364071,4,K00248.04,CONFIRMED,0.12071220214364393,0.8170450478026658,0.062242750053690094,CONFIRMED
9390653,1,K00249.01,CONFIRMED,0.18866975966780192,0.7510786481830762,0.060251592149121874,CONFIRMED
9757613,1,K00250.01,CONFIRMED,0.04143597519777485,0.9514486825968836,0.007115342205341454,CONFIRMED
9757613,2,K00250.02,CONFIRMED,0.12394237745469178,0.8698065109164101,0.006251111628898153,CONFIRMED
9757613,3,K00250.03,CONFIRMED,0.11290152015092952,0.8774463686261554,0.009652111222915082,CONFIRMED
9757613,4,K00250.04,CONFIRMED,0.08256212023700228,0.8505704473374393,0.06686743242555854,CONFIRMED
10489206,1,K00251.01,CONFIRMED,0.050379066034035414,0.944319175126012,0.0053017588399526345,CONFIRMED
10489206,2,K00251.02,CONFIRMED,0.2845386888081716,0.7078672411913195,0.0075940700005087,CONFIRMED
11187837,1,K00252.01,CANDIDATE,0.09041605305904356,0.8919760114233962,0.01760793551756025,CONFIRMED
11752906,1,K00253.01,CANDIDATE,0.16582104955190322,0.8017363560049909,0.032442594443105786,CONFIRMED
11752906,2,K00253.02,CANDIDATE,0.27289044348378094,0.689894789958219,0.037214766558000094,CONFIRMED
5794240,1,K00254.01,CONFIRMED,0.07921172392518303,0.8979674586488076,0.022820817426009346,CONFIRMED
7021681,1,K00255.01,CONFIRMED,0.04250458257983137,0.9546964338507126,0.0027989835694560918,CONFIRMED
7021681,2,K00255.02,CANDIDATE,0.6942752493600427,0.295318403088319,0.010406347551638297,CANDIDATE
7021681,3,K00255.03,FALSE POSITIVE,0.5385830853790283,0.2761343697676868,0.18528254485328483,CANDIDATE
11548140,1,K00256.01,FALSE POSITIVE,0.0352343233830699,0.551911690089179,0.4128539865277511,CONFIRMED
5514383,1,K00257.01,CONFIRMED,0.15958488648216895,0.6691020893730436,0.1713130241447874,CONFIRMED
11231334,1,K00258.01,FALSE POSITIVE,0.017250151307499156,0.0022891038038747565,0.9804607448886261,FALSE POSITIVE
5790807,1,K00259.01,FALSE POSITIVE,0.32380191082530985,0.02400741447748187,0.6521906746972083,FALSE POSITIVE
8292840,1,K00260.01,CONFIRMED,0.08689340909245218,0.910173157421317,0.0029334334862308534,CONFIRMED
8292840,2,K00260.02,CONFIRMED,0.059016410690893695,0.9164997743534409,0.02448381495566541,CONFIRMED
8292840,3,K00260.03,CONFIRMED,0.16724541968565002,0.7728368522452504,0.05991772806909957,CONFIRMED
5383248,1,K00261.01,CONFIRMED,0.187803374790934,0.7537838686766299,0.05841275653243599,CONFIRMED
11807274,1,K00262.01,CONFIRMED,0.13641859119814728,0.8570811594343379,0.006500249367514837,CONFIRMED
11807274,2,K00262.02,CONFIRMED,0.2715444007140812,0.718120574157225,0.010335025128693866,CONFIRMED
10514430,1,K00263.01,FALSE POSITIVE,0.6143959329540789,0.08333333540639391,0.30227073163952717,CANDIDATE
3097346,1,K00264.01,FALSE POSITIVE,0.004121784207456403,0.0001661886282508621,0.9957120271642926,FALSE POSITIVE
12024120,1,K00265.01,CONFIRMED,0.09950116859310443,0.9002411804668269,0.00025765094006866555,CONFIRMED
7375348,1,K00266.01,CONFIRMED,0.04959234862713647,0.9501426245488478,0.0002650268240157845,CONFIRMED
7375348,2,K00266.02,CANDIDATE,0.41905936429695506,0.5797202299176747,0.001220405785370237,CONFIRMED
3425851,1,K00268.01,CANDIDATE,0.243647469727086,0.7526732803542111,0.0036792499187028,CONFIRMED
7670943,1,K00269.01,CANDIDATE,0.1284539286188839,0.8632907873054132,0.008255284075702817,CONFIRMED
6528464,1,K00270.01,CONFIRMED,0.15709569206928467,0.6811038753708064,0.16180043255990884,CONFIRMED
6528464,2,K00270.02,CONFIRMED,0.18722465195345947,0.6424193736725834,0.1703559743739572,CONFIRMED
9451706,1,K00271.01,CONFIRMED,0.13988904152691004,0.7221985493787955,0.13791240909429456,CONFIRMED
9451706,2,K00271.02,CONFIRMED,0.15569251821307104,0.7026428394608049,0.14166464232612416,CONFIRMED
9451706,3,K00271.03,CONFIRMED,0.16778740288355293,0.6641703532409665,0.16804224387548056,CONFIRMED
5716763,1,K00272.01,FALSE POSITIVE,0.34996129360115596,0.1882961524189271,0.46174255397991687,FALSE POSITIVE
3102384,1,K00273.01,CONFIRMED,0.16927177892460923,0.650133369392532,0.18059485168285883,CONFIRMED
8077137,1,K00274.01,CONFIRMED,0.3598755350535074,0.6319131457030609,0.008211319243431688,CONFIRMED
8077137,2,K00274.02,CONFIRMED,0.3826662278948852,0.610179086609958,0.007154685495156766,CONFIRMED
10586004,1,K00275.01,CONFIRMED,0.0663713419100505,0.9303600871979316,0.003268570892017732,CONFIRMED
10586004,2,K00275.02,CONFIRMED,0.14168900430625245,0.8545691813939741,0.00374181429977359,CONFIRMED
11133306,1,K00276.01,CONFIRMED,0.11273375434974825,0.8689379367638613,0.01832830888639045,CONFIRMED
11401755,1,K00277.01,CONFIRMED,0.13437626493614188,0.8091777444196877,0.05644599064417032,CONFIRMED
11401755,2,K00277.02,CONFIRMED,0.07264724241262414,0.7151237648952641,0.21222899269211173,CONFIRMED
12314973,1,K00279.01,CONFIRMED,0.046667152557302194,0.9527745121681925,0.0005583352745053259,CONFIRMED
12314973,2,K00279.02,CONFIRMED,0.062172715278509656,0.9367416667178659,0.0010856180036245874,CONFIRMED
12314973,3,K00279.03,CONFIRMED,0.5303439173894174,0.4513056522528943,0.018350430357688297,CANDIDATE
4141376,1,K00280.01,CONFIRMED,0.14620970749328277,0.766798137444358,0.08699215506235924,CONFIRMED
4143755,1,K00281.01,CONFIRMED,0.160726905296477,0.8086619219915703,0.03061117271195278,CONFIRMED
5088536,1,K00282.01,CONFIRMED,0.0883310633387102,0.8938447755897719,0.017824161071517797,CONFIRMED
5088536,2,K00282.02,CONFIRMED,0.1251919636605692,0.8462426998706349,0.02856533646879578,CONFIRMED
5088536,3,K00282.03,CONFIRMED,0.49255284459312926,0.45332275721305004,0.0541243981938207,CANDIDATE
5695396,1,K00283.01,CONFIRMED,0.03555496939246689,0.9631591408529971,0.0012858897545360026,CONFIRMED
5695396,2,K00283.02,CONFIRMED,0.4245532520648631,0.5653335806592704,0.01011316727586643,CONFIRMED
6021275,1,K00284.01,CONFIRMED,0.06975609738078112,0.911836710891925,0.01840719172729402,CONFIRMED
6021275,2,K00284.02,CONFIRMED,0.1116992257650896,0.8715417280118151,0.01675904622309538,CONFIRMED
6021275,3,K00284.03,CONFIRMED,0.057238446388858444,0.9167079756025777,0.026053578008563904,CONFIRMED
6021275,4,K00284.04,CONFIRMED,0.3300406160430648,0.5009177449037373,0.16904163905319797,CONFIRMED
6196457,1,K00285.01,CONFIRMED,0.027798140765760235,0.970649638428106,0.0015522208061338474,CONFIRMED
6196457,2,K00285.02,CONFIRMED,0.04965979108661754,0.9481187839890908,0.0022214249242915184,CONFIRMED
6196457,3,K00285.03,CONFIRMED,0.11628568514918453,0.8790983465420307,0.004615968308784791,CONFIRMED
8258171,1,K00286.01,FALSE POSITIVE,0.0031112566635032347,2.8427340090017377e-05,0.9968603159964067,FALSE POSITIVE
8703887,1,K00287.01,FALSE POSITIVE,0.04375225090591072,0.0011119190611850118,0.9551358300329044,FALSE POSITIVE
9592705,1,K00288.01,CANDIDATE,0.12798362946370626,0.8666665292436905,0.005349841292603342,CONFIRMED
10386922,1,K00289.01,CANDIDATE,0.1987431492397193,0.6783791981347314,0.12287765262554931,CONFIRMED
10386922,2,K00289.02,CONFIRMED,0.016815309220753277,0.9822562952217303,0.0009283955575164611,CONFIRMED
10488450,1,K00290.01,FALSE POSITIVE,0.005185415082765245,0.000971080325263013,0.9938435045919717,FALSE POSITIVE
10933561,1,K00291.01,CONFIRMED,0.06003826234139211,0.9399047002658674,5.703739274056455e-05,CONFIRMED
10933561,2,K00291.02,CONFIRMED,0.38972726882462444,0.6094683124420572,0.0008044187333184259,CONFIRMED
11075737,1,K00292.01,CONFIRMED,0.12907685237601624,0.8707132656183689,0.00020988200561471485,CONFIRMED
11200415,1,K00293.01,FALSE POSITIVE,0.007378488635831004,0.0005770737929370425,0.992044437571232,FALSE POSITIVE
11259686,1,K00294.01,CONFIRMED,0.14366699076123715,0.8366322430734892,0.019700766165273626,CONFIRMED
11547513,1,K00295.01,CONFIRMED,0.017400194858098485,0.9825159144296957,8.389071220567417e-05,CONFIRMED
11547513,2,K00295.02,CONFIRMED,0.14522939023620773,0.8521077461973655,0.002662863566426635,CONFIRMED
11802615,1,K00296.01,CONFIRMED,0.04086238944270915,0.9588231670408515,0.0003144435164394057,CONFIRMED
11905011,1,K00297.01,CONFIRMED,0.14046883710547148,0.7976804224192664,0.061850740475262095,CONFIRMED
12785320,1,K00298.01,CONFIRMED,0.1567420203948062,0.8365702646587201,0.006687714946473761,CONFIRMED
12785320,2,K00298.02,CANDIDATE,0.2857195520875963,0.7095190736631153,0.004761374249288415,CONFIRMED
2692377,1,K00299.01,CONFIRMED,0.12743510247267648,0.3988295411832545,0.47373535634406905,FALSE POSITIVE
3438975,1,K00300.01,FALSE POSITIVE,0.10805308739600547,0.005064094557237488,0.8868828180467571,FALSE POSITIVE
3642289,1,K00301.01,CONFIRMED,0.062142375448357136,0.9346662300323464,0.003191394519296481,CONFIRMED
3642289,2,K00301.02,CONFIRMED,0.059215537940951586,0.9325285450205719,0.008255917038476394,CONFIRMED
3662838,1,K00302.01,CONFIRMED,0.05903458146999406,0.8989260060749912,0.042039412455014614,CONFIRMED
5966322,1,K00303.01,CONFIRMED,0.22037978698800972,0.7792768366424542,0.00034337636953625376,CONFIRMED
6029239,1,K00304.01,CONFIRMED,0.03979437271759013,0.9595187654022396,0.0006868618801703785,CONFIRMED
6029239,2,K00304.02,CANDIDATE,0.9317018128116029,0.06073698799491548,0.007561199193481682,CANDIDATE
6063220,1,K00305.01,CONFIRMED,0.18483605218954025,0.779613421867914,0.035550525942545645,CONFIRMED
6071903,1,K00306.01,CONFIRMED,0.1487243042493848,0.8508199582299695,0.00045573752064569084,CONFIRMED
6289257,1,K00307.01,CONFIRMED,0.1336902073709844,0.8661997105220918,0.00011008210692398066,CONFIRMED
6289257,2,K00307.02,CONFIRMED,0.04390047467615143,0.9543008675138953,0.0017986578099534532,CONFIRMED
6291837,1,K00308.01,CANDIDATE,0.5528184792296692,0.44566147222947466,0.0015200485408562061,CANDIDATE
7024222,1,K00309.01,FALSE POSITIVE,0.002389242292763966,0.0002353097481703605,0.9973754479590657,FALSE POSITIVE
7050989,1,K00312.01,CONFIRMED,0.052390876561012975,0.9475542854190799,5.483801990717563e-05,CONFIRMED
7050989,2,K00312.02,CONFIRMED,0.04508635037327324,0.9535342281444124,0.0013794214823142665,CONFIRMED
7419318,1,K00313.01,CONFIRMED,0.06263833867666979,0.9333964639068122,0.003965197416517896,CONFIRMED
7419318,2,K00313.02,CONFIRMED,0.03895068867895473,0.9027334071926416,0.05831590412840351,CONFIRMED
7603200,1,K00314.01,CONFIRMED,0.03815582919910375,0.9565278851539306,0.0053162856469656326,CONFIRMED
