CANDIDATE,CONFIRMED,FALSE POSITIVE,y_test,y_pred
0.6678481535051001,0.3302806775542154,0.001871168940684499,CANDIDATE,CANDIDATE
0.001819028249698319,0.0015946315088264048,0.9965863402414752,FALSE POSITIVE,FALSE POSITIVE
0.27147431451226794,0.7151513770307705,0.013374308456961649,CONFIRMED,CONFIRMED
0.001342979699700671,0.000163077327215891,0.9984939429730835,FALSE POSITIVE,FALSE POSITIVE
0.00028631263135981484,7.519320451017408e-05,0.9996384941641303,FALSE POSITIVE,FALSE POSITIVE
0.05045680264486762,0.003388392553896814,0.9461548048012356,FALSE POSITIVE,FALSE POSITIVE
0.013818064428662895,0.9743271403994065,0.011854795171930612,CONFIRMED,CONFIRMED
0.03341514964841934,0.963032762534943,0.00355208781663773,CONFIRMED,CONFIRMED
0.01164661793127217,0.011114493083195778,0.9772388889855321,FALSE POSITIVE,FALSE POSITIVE
0.009581628042979488,0.9899836276008724,0.00043474435614828495,CONFIRMED,CONFIRMED
0.00020051964963405323,6.948468202637961e-05,0.9997299956683394,FALSE POSITIVE,FALSE POSITIVE
0.00020808343885506123,6.239237936293392e-05,0.999729524181782,FALSE POSITIVE,FALSE POSITIVE
0.872829503833163,0.10960691775628359,0.017563578410553296,CONFIRMED,CANDIDATE
0.0002631932788623121,0.00013546343454940357,0.9996013432865878,FALSE POSITIVE,FALSE POSITIVE
0.3897329957515444,0.602267663444365,0.007999340804090545,CONFIRMED,CONFIRMED
0.0005339204758004546,0.00012396025688797205,0.9993421192673119,FALSE POSITIVE,FALSE POSITIVE
0.0009089581373884371,0.00032722436395075553,0.9987638174986609,FALSE POSITIVE,FALSE POSITIVE
0.0007191803407427343,0.00012140194182592702,0.9991594177174314,FALSE POSITIVE,FALSE POSITIVE
0.055976951501272944,0.9424263210655781,0.001596727433149029,CONFIRMED,CONFIRMED
0.0012594743074630496,0.9983805882240898,0.0003599374684474682,CONFIRMED,CONFIRMED
0.004115109351927547,0.995552010907309,0.000332879740763093,CONFIRMED,CONFIRMED
0.9904639175060554,0.0013832931160642362,0.008152789377880318,FALSE POSITIVE,CANDIDATE
0.9496738450021214,0.04632661050203788,0.003999544495840785,CANDIDATE,CANDIDATE
0.08168428373533905,0.9147757994926514,0.0035399167720095315,CANDIDATE,CONFIRMED
0.0034568806343639193,0.0003669645864279407,0.9961761547792078,FALSE POSITIVE,FALSE POSITIVE
0.05396520662404436,0.9393920664340083,0.006642726941947358,CONFIRMED,CONFIRMED
0.4184904190632888,0.5582124952933599,0.02329708564335131,CONFIRMED,CONFIRMED
0.005044305333401531,0.0007066169901580276,0.9942490776764406,CANDIDATE,FALSE POSITIVE
0.964104670845417,0.02318884239091937,0.012706486763663757,CONFIRMED,CANDIDATE
0.004280613898484297,0.0010193205878287295,0.9947000655136872,FALSE POSITIVE,FALSE POSITIVE
0.0009883572101684513,0.00027091877482253766,0.9987407240150091,FALSE POSITIVE,FALSE POSITIVE
0.0002007450547803207,0.00033942734309368617,0.9994598276021263,FALSE POSITIVE,FALSE POSITIVE
0.05986642416588091,0.9386743341511468,0.0014592416829724206,CONFIRMED,CONFIRMED
0.009498663246294139,0.9893545991633002,0.0011467375904057502,CONFIRMED,CONFIRMED
0.08833957821302495,0.0009794651233026698,0.9106809566636725,FALSE POSITIVE,FALSE POSITIVE
0.010724898875308201,0.0012577269869039434,0.9880173741377877,FALSE POSITIVE,FALSE POSITIVE
0.50881743579728,0.006146720646416135,0.48503584355630397,FALSE POSITIVE,CANDIDATE
0.8433274349381158,0.14093757868927986,0.01573498637260441,CANDIDATE,CANDIDATE
0.0006499297252013354,0.00014112079361981052,0.999208949481179,FALSE POSITIVE,FALSE POSITIVE
0.46681575559092814,0.5255586503028812,0.007625594106190433,CANDIDATE,CONFIRMED
0.17547685011447958,0.8166621805525751,0.007860969332945203,CANDIDATE,CONFIRMED
0.0009835497264106745,0.0005836835231022918,0.998432766750487,FALSE POSITIVE,FALSE POSITIVE
0.5894915416168645,0.4018223516456455,0.008686106737490065,CANDIDATE,CANDIDATE
0.8607100464090592,0.06290910966689843,0.0763808439240423,FALSE POSITIVE,CANDIDATE
0.005794786595115888,0.00043497893963798464,0.9937702344652461,FALSE POSITIVE,FALSE POSITIVE
0.0005695303847815876,0.00014578436902001096,0.9992846852461984,FALSE POSITIVE,FALSE POSITIVE
0.017794585606521703,0.9807824639189863,0.00142295047449205,CONFIRMED,CONFIRMED
0.0006274241050336799,0.0001328539147001832,0.9992397219802662,FALSE POSITIVE,FALSE POSITIVE
0.04111965189825078,0.004340553180220088,0.9545397949215291,CANDIDATE,FALSE POSITIVE
0.013344206834236021,0.001266961578783087,0.9853888315869809,FALSE POSITIVE,FALSE POSITIVE
0.0013760057135808728,0.0006706653826985272,0.9979533289037206,FALSE POSITIVE,FALSE POSITIVE
0.0007087619509630068,0.00017427112367269363,0.9991169669253641,FALSE POSITIVE,FALSE POSITIVE
0.000888277890553358,0.00018944801430464158,0.998922274095142,FALSE POSITIVE,FALSE POSITIVE
0.014970548228330752,0.9840974000461612,0.0009320517255081815,CONFIRMED,CONFIRMED
0.010060658618265564,0.002360840023848337,0.987578501357886,FALSE POSITIVE,FALSE POSITIVE
0.991073464754578,0.0034987246976615097,0.005427810547760304,CANDIDATE,CANDIDATE
0.919011609549858,0.07551981043934747,0.00546858001079457,CONFIRMED,CANDIDATE
0.0002478645366239678,0.000137023389459942,0.9996151120739164,FALSE POSITIVE,FALSE POSITIVE
0.0001963174863679939,0.0001341986528463858,0.9996694838607858,FALSE POSITIVE,FALSE POSITIVE
0.1993488025619138,0.7947634881798548,0.005887709258231414,CONFIRMED,CONFIRMED
0.6525308152598479,0.006877512142981462,0.3405916725971706,CANDIDATE,CANDIDATE
0.0014513134501672868,0.00012272941809170521,0.9984259571317412,FALSE POSITIVE,FALSE POSITIVE
0.5337188724303769,0.0026930482506708547,0.46358807931895235,FALSE POSITIVE,CANDIDATE
0.000603925560220286,0.0001346321878362411,0.9992614422519434,FALSE POSITIVE,FALSE POSITIVE
0.005848278122396398,0.9933590854846225,0.0007926363929813087,CONFIRMED,CONFIRMED
0.9699244145949115,0.01276651064714791,0.01730907475794059,CANDIDATE,CANDIDATE
0.06417988693966886,0.9303537251501182,0.0054663879102128735,CONFIRMED,CONFIRMED
0.0003793896551448096,8.75633983420418e-05,0.9995330469465135,FALSE POSITIVE,FALSE POSITIVE
0.027323358645692457,0.9691202263697323,0.0035564149845753556,CANDIDATE,CONFIRMED
0.6061346166490899,0.3830472265681232,0.010818156782786902,CANDIDATE,CANDIDATE
0.03233896981915331,0.0012249298873193031,0.9664361002935274,FALSE POSITIVE,FALSE POSITIVE
0.004273807303002706,0.00029719066578743524,0.9954290020312098,FALSE POSITIVE,FALSE POSITIVE
0.7509029515987363,0.007079478264306771,0.2420175701369569,FALSE POSITIVE,CANDIDATE
0.0004235024824018882,0.00022571428584955286,0.9993507832317485,FALSE POSITIVE,FALSE POSITIVE
0.9399500936938634,0.0366847390050885,0.023365167301048054,CANDIDATE,CANDIDATE
0.6454091061217013,0.3354317578565653,0.019159136021733414,CANDIDATE,CANDIDATE
0.004158727055237782,0.0005254385596847593,0.9953158343850772,FALSE POSITIVE,FALSE POSITIVE
0.5751532396657815,0.05941970035043567,0.3654270599837827,FALSE POSITIVE,CANDIDATE
0.2272065278113107,0.0019808120687820293,0.7708126601199073,FALSE POSITIVE,FALSE POSITIVE
0.004749396800119556,0.0005659116021008004,0.9946846915977798,FALSE POSITIVE,FALSE POSITIVE
0.6195206033928472,0.37573567939634117,0.004743717210811699,CANDIDATE,CANDIDATE
0.000341491355642585,0.00020486233392679978,0.9994536463104307,FALSE POSITIVE,FALSE POSITIVE
0.000363404312680863,0.00014966949444755525,0.9994869261928717,FALSE POSITIVE,FALSE POSITIVE
0.003913205234263883,0.0005844143099076718,0.9955023804558285,FALSE POSITIVE,FALSE POSITIVE
0.9577901968413207,0.0012496191864425443,0.04096018397223656,CANDIDATE,CANDIDATE
0.03632246609090491,0.9596695182723248,0.004008015636770253,CONFIRMED,CONFIRMED
0.0001865443854546197,0.0001252369419225942,0.9996882186726228,FALSE POSITIVE,FALSE POSITIVE
0.3819946794113457,0.6058119426926839,0.012193377895970454,CONFIRMED,CONFIRMED
0.012912046007249486,0.986063994713796,0.001023959278954486,CONFIRMED,CONFIRMED
0.00021344886866361584,0.00018210927626287484,0.9996044418550737,FALSE POSITIVE,FALSE POSITIVE
0.00036257746402718933,0.0001394873015352678,0.9994979352344373,FALSE POSITIVE,FALSE POSITIVE
0.00021410776293930695,7.185216063554633e-05,0.9997140400764251,FALSE POSITIVE,FALSE POSITIVE
0.05188248546724224,0.9461762768090889,0.001941237723668882,CONFIRMED,CONFIRMED
0.0002544889680665782,0.00010445266314707573,0.9996410583687867,FALSE POSITIVE,FALSE POSITIVE
0.0004649516229545272,0.0004290990714329586,0.9991059493056128,FALSE POSITIVE,FALSE POSITIVE
0.002986780312825539,0.9965918323511351,0.00042138733603931276,CONFIRMED,CONFIRMED
0.9907335582801811,0.0016560457403647425,0.007610395979454038,CANDIDATE,CANDIDATE
0.9503164602996409,0.0021694376184085823,0.04751410208195052,CANDIDATE,CANDIDATE
0.007054720197060833,0.0006760807665420604,0.9922691990363972,FALSE POSITIVE,FALSE POSITIVE
0.20505333613063614,0.017252511729880432,0.7776941521394836,FALSE POSITIVE,FALSE POSITIVE
0.15749405752532916,0.8324719101657978,0.01003403230887316,CONFIRMED,CONFIRMED
0.007420294374829139,0.0008547825113697828,0.9917249231138008,FALSE POSITIVE,FALSE POSITIVE
0.00028635278451243535,0.00012834364962866963,0.9995853035658587,FALSE POSITIVE,FALSE POSITIVE
0.990608457516118,0.007644652303608716,0.0017468901802732454,CANDIDATE,CANDIDATE
0.005013237121310196,0.0008804601722046912,0.994106302706485,FALSE POSITIVE,FALSE POSITIVE
0.8077456305980856,0.18507224488758173,0.00718212451433274,CANDIDATE,CANDIDATE
0.0032747712016340277,0.9962118478761185,0.0005133809222474694,CONFIRMED,CONFIRMED
0.0004973284642614483,0.0001590959602557897,0.9993435755754827,FALSE POSITIVE,FALSE POSITIVE
0.0041709479427830196,0.9951705691887587,0.000658482868458308,FALSE POSITIVE,CONFIRMED
0.000577025387686961,0.00035286494283052957,0.9990701096694825,FALSE POSITIVE,FALSE POSITIVE
0.000640161098594177,0.00020162321267146302,0.9991582156887345,FALSE POSITIVE,FALSE POSITIVE
0.0007344734597198165,0.00018212221680162882,0.9990834043234786,FALSE POSITIVE,FALSE POSITIVE
0.00025195039499743507,0.00014662264319718706,0.9996014269618052,FALSE POSITIVE,FALSE POSITIVE
0.0016984141238051388,0.9972426356912003,0.0010589501849946074,CONFIRMED,CONFIRMED
0.0004809351968913146,0.00019990259937045367,0.9993191622037383,FALSE POSITIVE,FALSE POSITIVE
0.9867221649851573,0.0018525730681329259,0.011425261946709548,CANDIDATE,CANDIDATE
0.0002668796567664832,0.00020560843972167243,0.9995275119035121,FALSE POSITIVE,FALSE POSITIVE
0.002871776257055852,0.0005042349694794774,0.9966239887734647,FALSE POSITIVE,FALSE POSITIVE
0.9926609168405093,0.0039348725801130364,0.003404210579377728,CANDIDATE,CANDIDATE
0.004037815026719849,0.9954521762501638,0.000510008723116331,CONFIRMED,CONFIRMED
0.0032636867447559635,0.9961154105027323,0.0006209027525116485,CONFIRMED,CONFIRMED
0.07867571881031996,0.0021757404709788356,0.9191485407187013,FALSE POSITIVE,FALSE POSITIVE
0.004908077330749334,0.002118788184979259,0.9929731344842712,FALSE POSITIVE,FALSE POSITIVE
0.02608767986107455,0.9722300588219531,0.0016822613169724472,CONFIRMED,CONFIRMED
0.0003067812130926839,0.00014684006799230894,0.9995463787189148,FALSE POSITIVE,FALSE POSITIVE
0.00580330906192522,0.0007779495276454812,0.9934187414104293,FALSE POSITIVE,FALSE POSITIVE
0.0011303400109201954,0.9985599906625636,0.0003096693265164895,CONFIRMED,CONFIRMED
0.0007703687031645744,6.7463349393841e-05,0.9991621679474415,FALSE POSITIVE,FALSE POSITIVE
0.007210946886406453,0.9915850128693888,0.0012040402442048104,CONFIRMED,CONFIRMED
0.9773416713698008,0.017487385657643826,0.005170942972555483,CANDIDATE,CANDIDATE
0.0002503592002641046,7.03275806873393e-05,0.9996793132190483,FALSE POSITIVE,FALSE POSITIVE
0.010408857228723305,0.9879085207644347,0.001682622006841897,CONFIRMED,CONFIRMED
0.1184852238037199,0.8791786394093498,0.0023361367869302653,CONFIRMED,CONFIRMED
0.13745477377640372,0.01264387967091871,0.8499013465526776,FALSE POSITIVE,FALSE POSITIVE
0.0009060356907494586,0.00017537790895807366,0.9989185864002922,FALSE POSITIVE,FALSE POSITIVE
0.13132333070836513,0.8645385952879908,0.004138074003644087,CANDIDATE,CONFIRMED
0.48619538588629685,0.49825461934671894,0.015549994766984205,CANDIDATE,CONFIRMED
0.0003528395205941771,0.00012286281282508017,0.9995242976665806,FALSE POSITIVE,FALSE POSITIVE
0.40562548679680177,0.5868478041776191,0.007526709025579164,CANDIDATE,CONFIRMED
0.00023810003377982425,8.235018924498482e-05,0.9996795497769755,FALSE POSITIVE,FALSE POSITIVE
0.002985750475587603,0.00021465277219274287,0.9967995967522197,FALSE POSITIVE,FALSE POSITIVE
0.0025708965263938435,0.9970062411008422,0.0004228623727639267,CONFIRMED,CONFIRMED
0.0024586442131289093,0.0009425603595713514,0.9965987954272999,FALSE POSITIVE,FALSE POSITIVE
0.00037819710782530146,0.00012698072917004076,0.9994948221630047,FALSE POSITIVE,FALSE POSITIVE
0.00014104856976965673,0.00011170162618483393,0.9997472498040454,FALSE POSITIVE,FALSE POSITIVE
0.0006205271668029604,0.00025455907348943005,0.9991249137597077,FALSE POSITIVE,FALSE POSITIVE
0.0006980009480016608,0.001450652831707122,0.9978513462202914,FALSE POSITIVE,FALSE POSITIVE
0.004321048651009408,0.9950817880561974,0.0005971632927931772,CANDIDATE,CONFIRMED
0.0700960483216026,0.016805405427238563,0.9130985462511587,FALSE POSITIVE,FALSE POSITIVE
0.0008195285546804769,0.00019220223694790833,0.9989882692083717,FALSE POSITIVE,FALSE POSITIVE
0.1641050711896537,0.8342564483012789,0.0016384805090674682,CONFIRMED,CONFIRMED
0.14290827030500458,0.8504695969009836,0.006622132794011914,CANDIDATE,CONFIRMED
0.0014193334011797696,0.00035835425857348675,0.9982223123402465,FALSE POSITIVE,FALSE POSITIVE
0.0040209099050600395,0.0005939426669224161,0.9953851474280176,FALSE POSITIVE,FALSE POSITIVE
0.3601088629625313,0.6314169687684514,0.008474168269017328,CONFIRMED,CONFIRMED
0.004347468773984298,0.003889518888728657,0.991763012337287,CANDIDATE,FALSE POSITIVE
0.0032367585447572924,0.0006164728016412608,0.9961467686536016,CANDIDATE,FALSE POSITIVE
0.005397176833878394,0.0005634831703076808,0.9940393399958138,FALSE POSITIVE,FALSE POSITIVE
0.0001285764333969221,8.87227455667537e-05,0.9997827008210362,FALSE POSITIVE,FALSE POSITIVE
0.0002538663157464163,9.621477105910145e-05,0.9996499189131945,FALSE POSITIVE,FALSE POSITIVE
0.0012234416574534747,0.9985352325782104,0.00024132576433607848,CONFIRMED,CONFIRMED
0.0006473793949620055,0.0005547080635700459,0.998797912541468,FALSE POSITIVE,FALSE POSITIVE
0.10017569543348188,0.006408552770942243,0.8934157517955759,FALSE POSITIVE,FALSE POSITIVE
0.5157140064399527,0.47293406954144435,0.011351924018602827,CANDIDATE,CANDIDATE
0.001728191765027977,0.0008452632273174699,0.9974265450076545,FALSE POSITIVE,FALSE POSITIVE
0.004774304318376142,0.9946563130359809,0.0005693826456430149,CONFIRMED,CONFIRMED
0.2394072405704075,0.7491040532062774,0.01148870622331505,CONFIRMED,CONFIRMED
0.9893433215065772,0.0021293083959064737,0.008527370097516116,CANDIDATE,CANDIDATE
0.06096288996974729,0.9356012360334441,0.003435873996808572,CONFIRMED,CONFIRMED
0.005355217606982608,0.9929164390263475,0.0017283433666700429,CONFIRMED,CONFIRMED
0.00017637271075480234,7.388452869814872e-05,0.999749742760547,FALSE POSITIVE,FALSE POSITIVE
0.09371406134317942,0.0009236891270448551,0.9053622495297757,CANDIDATE,FALSE POSITIVE
0.0002814517000437465,7.899234847256255e-05,0.9996395559514833,FALSE POSITIVE,FALSE POSITIVE
0.6868792387537036,0.29008400249727073,0.02303675874902563,CONFIRMED,CANDIDATE
0.0006320047058394673,0.00032263759148496243,0.9990453577026753,FALSE POSITIVE,FALSE POSITIVE
0.02813523744118878,0.9710450113403506,0.0008197512184603532,CONFIRMED,CONFIRMED
0.0004136608636062062,0.00012078778349173523,0.9994655513529022,FALSE POSITIVE,FALSE POSITIVE
0.0006447169377449112,0.00011749559234542999,0.9992377874699098,FALSE POSITIVE,FALSE POSITIVE
0.27300110458505605,0.7158470322875209,0.011151863127423133,CANDIDATE,CONFIRMED
0.7554631763115099,0.24072845185402683,0.0038083718344631926,CANDIDATE,CANDIDATE
0.3703663557910246,0.042416156276046196,0.5872174879329293,CANDIDATE,FALSE POSITIVE
0.002789847592073963,0.00039648436374939823,0.9968136680441767,FALSE POSITIVE,FALSE POSITIVE
0.0023058805847303476,0.9969400203092977,0.0007540991059717326,CONFIRMED,CONFIRMED
0.24240684028175255,0.7502894073845641,0.007303752333683417,CANDIDATE,CONFIRMED
0.9840971110640302,0.0014340381069936725,0.014468850828976249,CANDIDATE,CANDIDATE
0.0032136081888596573,0.0003969838609134142,0.996389407950227,FALSE POSITIVE,FALSE POSITIVE
0.002104957681770621,0.9974610629656072,0.0004339793526223592,CONFIRMED,CONFIRMED
0.4581032415728101,0.13183860615953114,0.4100581522676587,FALSE POSITIVE,CANDIDATE
0.035360803768979016,0.958756641052952,0.005882555178069047,CONFIRMED,CONFIRMED
0.011098679107069371,0.0008268948445737099,0.9880744260483569,FALSE POSITIVE,FALSE POSITIVE
0.49070992552811155,0.5006634455419944,0.008626628929894091,CONFIRMED,CONFIRMED
0.007005260672948438,0.9915638458806726,0.0014308934463789676,CONFIRMED,CONFIRMED
0.027388947101862793,0.9710420841417773,0.0015689687563598868,CONFIRMED,CONFIRMED
0.13457685049097165,0.009248291030016573,0.8561748584790119,FALSE POSITIVE,FALSE POSITIVE
0.009160380762913936,0.001605573535852632,0.9892340457012334,FALSE POSITIVE,FALSE POSITIVE
0.0033220354113017063,0.9959062767623844,0.000771687826313976,CONFIRMED,CONFIRMED
0.007914915276215143,0.0012085459568063354,0.9908765387669787,FALSE POSITIVE,FALSE POSITIVE
0.0005693891850606011,0.0001845135655448294,0.9992460972493946,FALSE POSITIVE,FALSE POSITIVE
0.735080456309775,0.003917587111847715,0.26100195657837727,FALSE POSITIVE,CANDIDATE
0.011745383929409116,0.9866620883296869,0.0015925277409038461,CONFIRMED,CONFIRMED
0.5683164888129377,0.43011502185147177,0.0015684893355906665,CONFIRMED,CANDIDATE
0.01707107651711464,0.981796988043612,0.001131935439273325,CONFIRMED,CONFIRMED
0.2326095098595443,0.7608175345774117,0.006572955563043786,CANDIDATE,CONFIRMED
0.04419225720959034,0.9539467800566253,0.001860962733784171,CONFIRMED,CONFIRMED
0.0007367480822520167,0.9990945831405644,0.0001686687771838685,CONFIRMED,CONFIRMED
0.5639959533959454,0.42895349950723216,0.007050547096822418,CANDIDATE,CANDIDATE
0.0004795479716411804,0.0001092132264809118,0.9994112388018779,FALSE POSITIVE,FALSE POSITIVE
0.001054536173166762,0.000357267849232058,0.9985881959776012,FALSE POSITIVE,FALSE POSITIVE
0.007781006788458618,0.0007584829524468551,0.9914605102590942,FALSE POSITIVE,FALSE POSITIVE
0.00022968128572105963,8.485563977945157e-05,0.9996854630744991,FALSE POSITIVE,FALSE POSITIVE
0.03499748840241325,0.9624712240575634,0.0025312875400233924,CONFIRMED,CONFIRMED
0.2087577231541026,0.0031411867557228027,0.7881010900901746,FALSE POSITIVE,FALSE POSITIVE
0.2598458261118881,0.7351563056378237,0.004997868250288117,CONFIRMED,CONFIRMED
0.0008471531109497347,0.000447825602842817,0.9987050212862073,FALSE POSITIVE,FALSE POSITIVE
0.015196769551064597,0.005757163220656805,0.9790460672282786,FALSE POSITIVE,FALSE POSITIVE
0.0005225156807750546,0.0002176781576961307,0.9992598061615289,FALSE POSITIVE,FALSE POSITIVE
0.0038512082175779128,0.0022445545164471096,0.9939042372659748,FALSE POSITIVE,FALSE POSITIVE
0.19062340540822872,0.20881717359002724,0.600559421001744,FALSE POSITIVE,FALSE POSITIVE
0.009393711429765226,0.990149328175938,0.0004569603942967456,CONFIRMED,CONFIRMED
0.000507068635911781,0.00016280938063568972,0.9993301219834525,FALSE POSITIVE,FALSE POSITIVE
0.0016227351931088231,0.9980854368288054,0.0002918279780856421,CONFIRMED,CONFIRMED
0.07896726567758972,0.005032396875932544,0.9160003374464778,FALSE POSITIVE,FALSE POSITIVE
0.373821468821555,0.5276710425467016,0.0985074886317436,FALSE POSITIVE,CONFIRMED
0.1072268524894879,0.09800288669797469,0.7947702608125373,FALSE POSITIVE,FALSE POSITIVE
0.0012911435840059129,0.9983515754370842,0.00035728097890995854,CONFIRMED,CONFIRMED
0.0003132926417644814,0.00013005535747533483,0.9995566520007604,FALSE POSITIVE,FALSE POSITIVE
0.02912589531874941,0.0010483380508982045,0.9698257666303524,FALSE POSITIVE,FALSE POSITIVE
0.46566134429078604,0.522717828118669,0.011620827590545044,CONFIRMED,CONFIRMED
0.016100367869082043,0.9782738026748057,0.0056258294561122996,CONFIRMED,CONFIRMED
0.7368148343005589,0.2069474149976781,0.05623775070176308,CANDIDATE,CANDIDATE
0.7182887694624664,0.24977085483557906,0.031940375701954286,CANDIDATE,CANDIDATE
0.009540074902031721,0.9861493892651612,0.00431053583280723,CONFIRMED,CONFIRMED
0.04988101916759513,0.01473042487312058,0.9353885559592843,CANDIDATE,FALSE POSITIVE
0.20477341761194812,0.2950997624508096,0.5001268199372423,FALSE POSITIVE,FALSE POSITIVE
0.9419854685482907,0.020804579544825858,0.03720995190688345,CANDIDATE,CANDIDATE
0.016231928472669115,0.005217377640438153,0.9785506938868928,CANDIDATE,FALSE POSITIVE
0.0005237336008227291,0.00021722918019987536,0.9992590372189771,FALSE POSITIVE,FALSE POSITIVE
0.1348719245079964,0.004235725377748409,0.8608923501142552,FALSE POSITIVE,FALSE POSITIVE
0.02075143560758287,0.9788162916361685,0.00043227275624895347,CONFIRMED,CONFIRMED
0.005229565259882173,0.9943631465669351,0.0004072881731828613,CONFIRMED,CONFIRMED
0.004809701374998338,0.9944364138576116,0.0007538847673901465,CONFIRMED,CONFIRMED
0.9910632268613984,0.0048659912836197415,0.0040707818549817875,CONFIRMED,CANDIDATE
0.00027165947931360773,0.00024456229331010394,0.9994837782273762,FALSE POSITIVE,FALSE POSITIVE
0.00021231318715263554,0.00010203670793636773,0.9996856501049112,FALSE POSITIVE,FALSE POSITIVE
0.0006511918440470669,0.00035875049482672687,0.9989900576611264,FALSE POSITIVE,FALSE POSITIVE
0.18466235481895765,0.8100383766380393,0.005299268543002911,CONFIRMED,CONFIRMED
0.0003065390968255681,7.901575135250174e-05,0.9996144451518223,FALSE POSITIVE,FALSE POSITIVE
0.0003161286820637,0.00016020489581978603,0.9995236664221165,FALSE POSITIVE,FALSE POSITIVE
0.0016359703728734067,0.0012675588043487387,0.997096470822778,FALSE POSITIVE,FALSE POSITIVE
0.000946389107861048,0.00022020883361932407,0.9988334020585199,FALSE POSITIVE,FALSE POSITIVE
0.15329585847625082,0.8322946253487014,0.014409516175047677,CONFIRMED,CONFIRMED
0.0020763776252575076,0.00039974272197644794,0.9975238796527659,FALSE POSITIVE,FALSE POSITIVE
0.03024084135252425,0.007554075085967021,0.9622050835615087,FALSE POSITIVE,FALSE POSITIVE
0.9546738471745296,0.03303217815887721,0.012293974666593103,CANDIDATE,CANDIDATE
0.5361367121628093,0.0031068547725989957,0.4607564330645918,CANDIDATE,CANDIDATE
0.06230542452279303,0.011567085902877595,0.9261274895743294,FALSE POSITIVE,FALSE POSITIVE
0.0038019563590132345,0.00022932671170439056,0.9959687169292825,FALSE POSITIVE,FALSE POSITIVE
0.2951813076103609,0.6535404720620167,0.05127822032762242,CONFIRMED,CONFIRMED
0.014612869661815705,0.0020790560760283057,0.9833080742621559,FALSE POSITIVE,FALSE POSITIVE
0.21091968069654057,0.7654230805311103,0.0236572387723492,CONFIRMED,CONFIRMED
0.7142914211652744,0.026804854345411463,0.2589037244893139,CANDIDATE,CANDIDATE
0.11244125819742072,0.37701728146162206,0.5105414603409573,CONFIRMED,FALSE POSITIVE
0.0006258012294388127,0.0002061234280720753,0.9991680753424889,FALSE POSITIVE,FALSE POSITIVE
0.010038010464947546,0.989120479140906,0.0008415103941462493,CANDIDATE,CONFIRMED
0.04067880685005863,0.0013996201379596301,0.9579215730119817,FALSE POSITIVE,FALSE POSITIVE
0.0002360219484775467,0.00018175558739334926,0.999582222464129,FALSE POSITIVE,FALSE POSITIVE
0.03244631026782862,0.9666667129961211,0.0008869767360504933,CONFIRMED,CONFIRMED
0.5890011913323381,0.40732155968751,0.0036772489801518856,CONFIRMED,CANDIDATE
0.0525783354103848,0.9456243476764111,0.0017973169132041254,CANDIDATE,CONFIRMED
0.10957898907691904,0.8853455507032868,0.005075460219794168,CONFIRMED,CONFIRMED
0.0008556131853238285,0.0001422001673464245,0.9990021866473298,FALSE POSITIVE,FALSE POSITIVE
0.20785825889119916,0.7900396432097165,0.002102097899084379,CANDIDATE,CONFIRMED
0.0005917666230143649,0.0001796196417318717,0.999228613735254,FALSE POSITIVE,FALSE POSITIVE
0.00124810299255734,0.998519354315302,0.00023254269214054065,CONFIRMED,CONFIRMED
0.7423955668676858,0.2346249945875698,0.022979438544744532,CONFIRMED,CANDIDATE
0.0030204519310268766,0.9959616201866075,0.00101792788236573,CONFIRMED,CONFIRMED
0.007092928256612816,0.00047388970339597966,0.9924331820399911,CANDIDATE,FALSE POSITIVE
0.0715116861535014,0.0033366099724733917,0.9251517038740251,CANDIDATE,FALSE POSITIVE
0.001067116054916836,0.00010895845485514504,0.9988239254902282,FALSE POSITIVE,FALSE POSITIVE
0.678338937892385,0.31510218524129174,0.006558876866323303,CONFIRMED,CANDIDATE
0.942679447179549,0.010255238963885105,0.04706531385656585,CANDIDATE,CANDIDATE
0.0068517729607661775,0.9926503497469152,0.0004978772923187344,CONFIRMED,CONFIRMED
0.949095499674497,0.04230512625598813,0.008599374069514746,CANDIDATE,CANDIDATE
0.11961100665344307,0.8784017133459217,0.0019872800006352728,CONFIRMED,CONFIRMED
0.028478445751071377,0.9675940023529437,0.003927551895984807,CONFIRMED,CONFIRMED
0.0008166749444883208,0.00030155925754800274,0.9988817657979638,FALSE POSITIVE,FALSE POSITIVE
0.002737093772575822,0.9967255471452697,0.000537359082154669,CONFIRMED,CONFIRMED
0.9184870864768209,0.07259951546419639,0.008913398058982875,CANDIDATE,CANDIDATE
0.004337893990966044,0.0002596753513401521,0.9954024306576938,FALSE POSITIVE,FALSE POSITIVE
0.00025556157380727867,8.921757256630093e-05,0.9996552208536266,FALSE POSITIVE,FALSE POSITIVE
0.00026123519151448706,7.084105333998863e-05,0.9996679237551457,FALSE POSITIVE,FALSE POSITIVE
0.7973799694751733,0.048666447153047916,0.1539535833717788,CANDIDATE,CANDIDATE
0.14750518273127788,0.8512916343311073,0.0012031829376146093,CONFIRMED,CONFIRMED
0.9715932851421883,0.0012496949985379578,0.02715701985927364,CANDIDATE,CANDIDATE
0.023863644887953457,0.9751493110181991,0.000987044093847487,CONFIRMED,CONFIRMED
0.3260500719709888,0.666646921941559,0.007303006087452237,CONFIRMED,CONFIRMED
0.0006136811669350189,0.0002322254710492803,0.9991540933620157,FALSE POSITIVE,FALSE POSITIVE
0.07886334714795519,0.918555076625941,0.002581576226103623,CONFIRMED,CONFIRMED
0.3746260598466355,0.6196100162632001,0.005763923890164424,CANDIDATE,CONFIRMED
0.07960009826956987,0.9183584168149209,0.002041484915509362,CANDIDATE,CONFIRMED
0.004106575426541377,0.9949259115692259,0.0009675130042325093,CONFIRMED,CONFIRMED
0.005525234622986604,0.00044082405460243583,0.994033941322411,FALSE POSITIVE,FALSE POSITIVE
0.0015708934185141683,0.000554739285626439,0.9978743672958594,FALSE POSITIVE,FALSE POSITIVE
0.051274107075230044,0.0009662926640229352,0.9477596002607471,FALSE POSITIVE,FALSE POSITIVE
0.003744712842497225,0.0002263310452479585,0.9960289561122547,FALSE POSITIVE,FALSE POSITIVE
0.04328671273685632,0.07696215736550722,0.8797511298976365,FALSE POSITIVE,FALSE POSITIVE
0.0010113933527028678,6.94651658162618e-05,0.9989191414814809,FALSE POSITIVE,FALSE POSITIVE
0.021731871341091762,0.9771364518577151,0.0011316768011932956,CONFIRMED,CONFIRMED
0.0009133043024642628,0.0004680382567257501,0.9986186574408099,FALSE POSITIVE,FALSE POSITIVE
0.33559329893292095,0.655552864552712,0.008853836514367174,CANDIDATE,CONFIRMED
0.5983929802143084,0.36789230068656276,0.03371471909912889,CONFIRMED,CANDIDATE
0.004588313540676594,0.0004901696797485278,0.9949215167795751,FALSE POSITIVE,FALSE POSITIVE
0.0009397334899780411,0.00012368620183299633,0.9989365803081892,FALSE POSITIVE,FALSE POSITIVE
0.00029926498835145454,0.00010845927146325678,0.9995922757401855,FALSE POSITIVE,FALSE POSITIVE
0.009943129328966117,0.9886034177730334,0.001453452898000399,CONFIRMED,CONFIRMED
0.016647951628388283,0.9823880081961367,0.0009640401754748612,CANDIDATE,CONFIRMED
0.05446880776493093,0.02105952987425158,0.9244716623608173,FALSE POSITIVE,FALSE POSITIVE
0.026282944843189077,0.9724494088495578,0.0012676463072530397,CONFIRMED,CONFIRMED
0.8516566012639321,0.06330943175253273,0.08503396698353521,CONFIRMED,CANDIDATE
0.09637797428088485,0.8798296167507784,0.023792408968336648,CONFIRMED,CONFIRMED
0.006982235686838906,0.00026702281443030597,0.9927507414987309,FALSE POSITIVE,FALSE POSITIVE
0.004549761992462403,0.000641240341195579,0.9948089976663421,CANDIDATE,FALSE POSITIVE
0.0010227451628063854,0.9985575356991886,0.0004197191380046843,CONFIRMED,CONFIRMED
0.03362398398051437,0.003271661866193917,0.9631043541532918,FALSE POSITIVE,FALSE POSITIVE
0.05022096669783095,0.9475896668664316,0.0021893664357376334,CONFIRMED,CONFIRMED
0.9656985943364123,0.0282618819001938,0.00603952376339398,CANDIDATE,CANDIDATE
0.03831056525621998,0.0008085786704884577,0.9608808560732917,FALSE POSITIVE,FALSE POSITIVE
0.9365615496649813,0.03363677404741918,0.029801676287599686,CANDIDATE,CANDIDATE
0.1527866790989185,0.8291313925935228,0.018081928307558802,CONFIRMED,CONFIRMED
0.0005551416615713007,0.0001363289573892252,0.9993085293810393,FALSE POSITIVE,FALSE POSITIVE
0.011070929999524033,0.9864086125904674,0.0025204574100082928,CONFIRMED,CONFIRMED
0.29691430930269347,0.6858017959739147,0.017283894723391865,CONFIRMED,CONFIRMED
0.8542928278359005,0.13321915687730224,0.012488015286797213,CANDIDATE,CANDIDATE
0.0096284906197472,0.000966876836883772,0.9894046325433691,FALSE POSITIVE,FALSE POSITIVE
0.08244861241776712,0.9117300221109228,0.005821365471310091,CANDIDATE,CONFIRMED
0.0033948724566799523,0.996319690242273,0.00028543730104732285,CONFIRMED,CONFIRMED
0.04565327488845806,0.9521862509050204,0.0021604742065215407,CONFIRMED,CONFIRMED
0.0008651780926220862,0.0004772543123376273,0.9986575675950401,FALSE POSITIVE,FALSE POSITIVE
0.0006078171256437814,0.00015250263542667544,0.9992396802389293,FALSE POSITIVE,FALSE POSITIVE
0.0025744993007686344,0.0007338145256013435,0.9966916861736299,FALSE POSITIVE,FALSE POSITIVE
0.013525400214418507,0.013907770045635948,0.9725668297399457,FALSE POSITIVE,FALSE POSITIVE
0.0001625684139636265,9.462471357787181e-05,0.9997428068724583,FALSE POSITIVE,FALSE POSITIVE
0.0016425214035296742,0.0004237135608221965,0.9979337650356479,FALSE POSITIVE,FALSE POSITIVE
0.00028451542379693396,0.00012542681229396288,0.999590057763909,FALSE POSITIVE,FALSE POSITIVE
0.00024469431227764135,0.00012921086146591961,0.9996260948262568,FALSE POSITIVE,FALSE POSITIVE
0.23574101297094793,0.0011858079034672714,0.7630731791255847,FALSE POSITIVE,FALSE POSITIVE
0.00027168965273977297,8.478805736477278e-05,0.9996435222898954,FALSE POSITIVE,FALSE POSITIVE
0.0011650740830903923,0.00042595532835626644,0.9984089705885533,FALSE POSITIVE,FALSE POSITIVE
0.011666443880963766,0.987225366930549,0.0011081891884872172,CONFIRMED,CONFIRMED
0.0003493369070025985,0.00022512808281105497,0.9994255350101865,FALSE POSITIVE,FALSE POSITIVE
0.21914906309203344,0.7703972546431201,0.010453682264846493,CANDIDATE,CONFIRMED
0.9349525293548518,0.057775895421023786,0.007271575224124243,CANDIDATE,CANDIDATE
0.0029826025773529445,0.000517885805041097,0.9964995116176059,FALSE POSITIVE,FALSE POSITIVE
0.9163404317417386,0.07921470240967544,0.004444865848585899,CONFIRMED,CANDIDATE
0.899973566918051,0.008169781993948307,0.09185665108800077,CANDIDATE,CANDIDATE
0.01417340906674523,0.9840127954075345,0.0018137955257202546,CONFIRMED,CONFIRMED
0.0005115632764377971,0.0001743797961517292,0.9993140569274105,FALSE POSITIVE,FALSE POSITIVE
0.009491741415820092,0.9877926070007689,0.0027156515834108677,CONFIRMED,CONFIRMED
0.9228935579826079,0.051641207549009166,0.025465234468382978,CANDIDATE,CANDIDATE
0.13446343031642422,0.8295554945735244,0.03598107511005156,CANDIDATE,CONFIRMED
0.4464066495123416,0.5495698869682751,0.004023463519383373,CONFIRMED,CONFIRMED
0.017181459141584438,0.9797193163374086,0.003099224521006945,CONFIRMED,CONFIRMED
0.0022426798409371004,0.9975193791575977,0.00023794100146523422,CONFIRMED,CONFIRMED
0.010410045513581706,0.9764009882372376,0.013188966249180674,CONFIRMED,CONFIRMED
0.02042207655567688,0.9779989239766878,0.0015789994676355052,CONFIRMED,CONFIRMED
0.0009077885089737894,0.0003068103521272892,0.9987854011388988,FALSE POSITIVE,FALSE POSITIVE
0.41895951264286774,0.5747422893679024,0.006298197989229979,CONFIRMED,CONFIRMED
0.0004240791307488801,0.00011355423552637313,0.9994623666337247,FALSE POSITIVE,FALSE POSITIVE
0.0022615544884308017,0.0005955280764278066,0.9971429174351416,FALSE POSITIVE,FALSE POSITIVE
0.8066090128630697,0.01578690978395983,0.17760407735297043,CANDIDATE,CANDIDATE
0.0013791122561081829,8.512407152552841e-05,0.9985357636723664,FALSE POSITIVE,FALSE POSITIVE
0.03945513345762112,0.9575104450869489,0.0030344214554298334,CONFIRMED,CONFIRMED
0.8713874813464199,0.1215434436133112,0.007069075040268938,CANDIDATE,CANDIDATE
0.0008844418612588786,0.00012597772975537908,0.9989895804089856,FALSE POSITIVE,FALSE POSITIVE
0.20848117086635956,0.780799945458709,0.010718883674931413,CANDIDATE,CONFIRMED
0.0004321144017509829,0.00033897933130075446,0.9992289062669486,FALSE POSITIVE,FALSE POSITIVE
0.006288090151486921,0.0010614421860276882,0.9926504676624855,FALSE POSITIVE,FALSE POSITIVE
0.00041275625840287843,0.00028839482300889815,0.9992988489185882,FALSE POSITIVE,FALSE POSITIVE
0.11788582587312571,0.00583832492277105,0.8762758492041034,CANDIDATE,FALSE POSITIVE
0.0010711355950907843,0.0004893247153252191,0.9984395396895839,FALSE POSITIVE,FALSE POSITIVE
0.8324179282548786,0.15334966021488788,0.01423241153023334,CANDIDATE,CANDIDATE
0.9467812540313754,0.00547663220496748,0.04774211376365715,CANDIDATE,CANDIDATE
0.06655030583653569,0.9302216336217438,0.003228060541720361,CONFIRMED,CONFIRMED
0.06623700494280302,0.9311059578471,0.0026570372100968953,CONFIRMED,CONFIRMED
0.0004357982110795869,9.255141203933114e-05,0.999471650376881,FALSE POSITIVE,FALSE POSITIVE
0.6796069368741811,0.0014702215732173918,0.3189228415526014,FALSE POSITIVE,CANDIDATE
0.0017229989162380298,0.9980205302844231,0.00025647079933880084,CONFIRMED,CONFIRMED
0.9898679105872087,0.006746393175525157,0.0033856962372662493,CANDIDATE,CANDIDATE
0.0002502087958985454,0.0002001987313201947,0.9995495924727815,FALSE POSITIVE,FALSE POSITIVE
0.9964416250815957,0.0007936922288008011,0.0027646826896035857,CANDIDATE,CANDIDATE
0.9857289469935357,0.004656063879213579,0.00961498912725082,CANDIDATE,CANDIDATE
0.013033046175240447,0.0022457481117103017,0.9847212057130494,FALSE POSITIVE,FALSE POSITIVE
0.0302212276381523,0.011546876330356743,0.958231896031491,FALSE POSITIVE,FALSE POSITIVE
0.00017653696807582488,9.946750533728184e-05,0.9997239955265871,FALSE POSITIVE,FALSE POSITIVE
0.0017851804754219374,0.997945004650398,0.000269814874179752,CONFIRMED,CONFIRMED
0.17355384014287312,0.8124006309710607,0.014045528886066132,CANDIDATE,CONFIRMED
0.053400444975260856,0.920974749368674,0.025624805656065154,CONFIRMED,CONFIRMED
0.0005574965297172074,0.0001629615582451272,0.9992795419120374,FALSE POSITIVE,FALSE POSITIVE
0.01235343314169422,0.9844981773945849,0.003148389463720902,CONFIRMED,CONFIRMED
0.00010550747376304978,5.6181191737838954e-05,0.9998383113344987,FALSE POSITIVE,FALSE POSITIVE
0.000753263102535924,0.9990356024050119,0.00021113449245197403,CONFIRMED,CONFIRMED
0.0002318572215780351,0.00020977211218086805,0.9995583706662408,FALSE POSITIVE,FALSE POSITIVE
0.02930214885736037,0.9695074584328841,0.0011903927097556893,CONFIRMED,CONFIRMED
0.1551330053932368,0.8418077713752611,0.003059223231502133,CONFIRMED,CONFIRMED
0.006286004975930399,0.006895679583785271,0.9868183154402845,FALSE POSITIVE,FALSE POSITIVE
0.0005038580836507033,0.0013975146051627952,0.9980986273111865,FALSE POSITIVE,FALSE POSITIVE
0.09796607297437908,0.2504267900779658,0.6516071369476552,FALSE POSITIVE,FALSE POSITIVE
0.9872246579475663,0.009320677771583418,0.003454664280850067,CANDIDATE,CANDIDATE
0.22531946479450748,0.0019163458256049345,0.7727641893798876,FALSE POSITIVE,FALSE POSITIVE
0.0005822175648525711,0.00010738261754483045,0.9993103998176025,FALSE POSITIVE,FALSE POSITIVE
0.001042625054308304,0.0002173326595691973,0.9987400422861225,FALSE POSITIVE,FALSE POSITIVE
0.9680871327121583,0.003493076458968487,0.028419790828873193,CANDIDATE,CANDIDATE
0.00019041060158618138,0.00010063260297519038,0.9997089567954387,FALSE POSITIVE,FALSE POSITIVE
0.9060572347590946,0.08325505319375553,0.010687712047149977,CANDIDATE,CANDIDATE
0.12812319350427076,0.0010738497811535607,0.8708029567145759,FALSE POSITIVE,FALSE POSITIVE
0.004201219036681604,0.01198748828113157,0.9838112926821868,FALSE POSITIVE,FALSE POSITIVE
0.0003036679868767553,0.00010388679245765587,0.9995924452206651,FALSE POSITIVE,FALSE POSITIVE
0.006589083461576515,0.0011954810273004741,0.9922154355111231,FALSE POSITIVE,FALSE POSITIVE
0.2694126626117215,0.7183688737236478,0.012218463664630632,CANDIDATE,CONFIRMED
0.0039791278219253315,0.00044415072421808007,0.9955767214538567,FALSE POSITIVE,FALSE POSITIVE
0.000308951203454024,0.00010828728418349103,0.9995827615123626,FALSE POSITIVE,FALSE POSITIVE
0.7039498237082122,0.27713377457015537,0.01891640172163255,FALSE POSITIVE,CANDIDATE
0.0001292122485658527,5.177504075843059e-05,0.9998190127106761,FALSE POSITIVE,FALSE POSITIVE
0.0025772980631536702,0.9969144443877239,0.0005082575491223137,CONFIRMED,CONFIRMED
0.011198460920449817,0.987991135020889,0.0008104040586614888,CONFIRMED,CONFIRMED
0.0002514330755550568,0.00013816043847349484,0.9996104064859715,FALSE POSITIVE,FALSE POSITIVE
0.0007278494515050108,0.0001349532204563528,0.9991371973280385,FALSE POSITIVE,FALSE POSITIVE
0.00022438677076385612,9.350334877271404e-05,0.9996821098804636,FALSE POSITIVE,FALSE POSITIVE
0.91455865999718,0.0816640632063182,0.0037772767965019243,CANDIDATE,CANDIDATE
0.19816131787463204,0.7873905557784535,0.014448126346914336,CONFIRMED,CONFIRMED
0.9783156814904189,0.0025577241155192282,0.019126594394061964,FALSE POSITIVE,CANDIDATE
0.022436943664324912,0.9726658668923074,0.0048971894433676045,CONFIRMED,CONFIRMED
0.00040236488661998717,7.879251458129031e-05,0.9995188425987986,FALSE POSITIVE,FALSE POSITIVE
0.3785678811822244,0.5990555549356708,0.022376563882104752,CONFIRMED,CONFIRMED
0.9616453969406065,0.001758313525384641,0.03659628953400887,FALSE POSITIVE,CANDIDATE
0.0008525097106360907,0.00010556278711032289,0.9990419275022534,FALSE POSITIVE,FALSE POSITIVE
0.0007403789311503286,0.00016792009721243835,0.9990917009716371,FALSE POSITIVE,FALSE POSITIVE
0.00073538442547141,9.369968615597322e-05,0.9991709158883725,FALSE POSITIVE,FALSE POSITIVE
0.19827469609387963,0.7332291799877997,0.06849612391832066,CONFIRMED,CONFIRMED
0.01422927611836799,0.9791372088338706,0.006633515047761316,CONFIRMED,CONFIRMED
0.0005621442598638461,0.0002620341756460546,0.9991758215644903,FALSE POSITIVE,FALSE POSITIVE
0.0009599779515209648,0.00044986649417148503,0.9985901555543073,FALSE POSITIVE,FALSE POSITIVE
0.0002547815601828782,0.0005262465144384626,0.9992189719253789,FALSE POSITIVE,FALSE POSITIVE
0.9833280122889786,0.007208864597627832,0.009463123113393384,CANDIDATE,CANDIDATE
0.004798691549874843,0.9943270762957288,0.0008742321543962903,CONFIRMED,CONFIRMED
0.008087962049967859,0.008493934624317445,0.9834181033257147,FALSE POSITIVE,FALSE POSITIVE
0.001870152548878545,0.9978303238860398,0.0002995235650817341,CONFIRMED,CONFIRMED
0.0002040723043376057,6.269787175219521e-05,0.99973322982391,FALSE POSITIVE,FALSE POSITIVE
0.05925111503020614,0.013186966309264586,0.9275619186605291,FALSE POSITIVE,FALSE POSITIVE
0.002036221759011434,0.9976512763707639,0.00031250187022451194,CONFIRMED,CONFIRMED
0.005379572847903022,0.0013871251834352272,0.9932333019686619,FALSE POSITIVE,FALSE POSITIVE
0.00019761232549799328,0.00010817207259686638,0.9996942156019049,FALSE POSITIVE,FALSE POSITIVE
0.02204026278613588,0.9673115269757703,0.010648210238093961,CONFIRMED,CONFIRMED
0.9829558622121735,0.0023145122924653062,0.014729625495361148,CANDIDATE,CANDIDATE
0.027108281105680383,0.9715094541522555,0.0013822647420639708,CONFIRMED,CONFIRMED
0.0014139110112591931,0.0003686488350421474,0.9982174401536988,FALSE POSITIVE,FALSE POSITIVE
0.007828251273140935,0.9914004503114312,0.0007712984154278536,CONFIRMED,CONFIRMED
0.00042569688278227614,8.098526399666037e-05,0.9994933178532213,FALSE POSITIVE,FALSE POSITIVE
0.21285789803101368,0.004496599877598976,0.7826455020913873,FALSE POSITIVE,FALSE POSITIVE
0.9659800629993575,0.006814785381187454,0.027205151619455047,CANDIDATE,CANDIDATE
0.9789145313918135,0.003365454909538338,0.0177200136986482,CANDIDATE,CANDIDATE
