kepid,tce_plnt_num,kepoi_name,koi_disposition,CANDIDATE,CONFIRMED,FALSE POSITIVE,y_pred
11446443,1,K00001.01,CONFIRMED,0.033038482801414366,0.9646232926868417,0.002338224511743913,CONFIRMED
10666592,1,K00002.01,CONFIRMED,0.01896477728576199,0.9597326430675042,0.021302579646733814,CONFIRMED
10748390,1,K00003.01,CONFIRMED,0.05931291013981845,0.854451946763658,0.0862351430965236,CONFIRMED
3861595,1,K00004.01,CONFIRMED,0.02349369632093868,0.9664703930980526,0.010035910581008653,CONFIRMED
8554498,1,K00005.01,CANDIDATE,0.9678861193931625,0.029426646132125058,0.0026872344747123677,CANDIDATE
3248033,1,K00006.01,FALSE POSITIVE,0.001054486707387118,0.002086636076402801,0.9968588772162098,FALSE POSITIVE
11853905,1,K00007.01,CONFIRMED,0.000820383811661517,0.9988752932114057,0.00030432297693269326,CONFIRMED
5903312,1,K00008.01,FALSE POSITIVE,0.0005471208109032916,0.00029957933668920745,0.9991532998524073,FALSE POSITIVE
11553706,1,K00009.01,FALSE POSITIVE,0.0027922211235538084,0.0005394743040645066,0.9966683045723819,FALSE POSITIVE
6922244,1,K00010.01,CONFIRMED,0.020231615310578207,0.9763659218508232,0.003402462838598692,CONFIRMED
11913073,1,K00011.01,FALSE POSITIVE,0.0012854058569058962,0.0009185312774983397,0.9977960628655959,FALSE POSITIVE
5812701,1,K00012.01,CONFIRMED,0.008158682550560651,0.9876671382648547,0.004174179184584585,CONFIRMED
9941662,1,K00013.01,CONFIRMED,0.005515811089722505,0.9885450193417928,0.00593916956848451,CONFIRMED
7684873,1,K00014.01,FALSE POSITIVE,0.009185538920439931,0.0015866643258405926,0.9892277967537197,FALSE POSITIVE
3964562,1,K00015.01,FALSE POSITIVE,0.001194324161384186,0.0009447614777737828,0.9978609143608417,FALSE POSITIVE
9110357,1,K00016.01,FALSE POSITIVE,0.00337550317596558,0.0010869405124343402,0.9955375563116001,FALSE POSITIVE
10874614,1,K00017.01,CONFIRMED,0.0019755314853300973,0.9965676383447065,0.0014568301699632536,CONFIRMED
8191672,1,K00018.01,CONFIRMED,0.0052362809704253254,0.9851930838419938,0.00957063518758104,CONFIRMED
7255336,1,K00019.01,FALSE POSITIVE,0.0034986077036956217,0.0016523012070687405,0.9948490910892354,FALSE POSITIVE
11804465,1,K00020.01,CONFIRMED,0.0312625561901057,0.8885401309307923,0.08019731287910184,CONFIRMED
10125352,1,K00021.01,FALSE POSITIVE,0.002419378141409224,0.0004377971224540812,0.9971428247361366,FALSE POSITIVE
9631995,1,K00022.01,CONFIRMED,0.0016655275314070258,0.9964208908721948,0.001913581596398233,CONFIRMED
9071386,1,K00023.01,FALSE POSITIVE,0.00525461549413989,0.011670169095537235,0.9830752154103228,FALSE POSITIVE
4743513,1,K00024.01,FALSE POSITIVE,0.009703887524184298,0.002357657509768084,0.9879384549660477,FALSE POSITIVE
10593759,1,K00025.01,FALSE POSITIVE,0.002111885002980793,0.0012641896652923997,0.996623925331727,FALSE POSITIVE
5021737,1,K00026.01,FALSE POSITIVE,0.0008290026159698437,0.0002503878732486551,0.9989206095107815,FALSE POSITIVE
3832716,1,K00027.01,FALSE POSITIVE,0.0018626802468911297,0.00047925458507767904,0.9976580651680313,FALSE POSITIVE
4247791,1,K00028.01,FALSE POSITIVE,0.00022024106578383482,0.000131914424740655,0.9996478445094757,FALSE POSITIVE
6956014,1,K00031.01,FALSE POSITIVE,0.001136516827777149,0.0010342584114864217,0.9978292247607365,FALSE POSITIVE
5725087,1,K00033.01,FALSE POSITIVE,0.006094404338905683,0.0012267241922116353,0.9926788714688828,FALSE POSITIVE
6521045,1,K00041.01,CONFIRMED,0.0037568629939368015,0.9950367441677886,0.001206392838274362,CONFIRMED
6521045,2,K00041.02,CONFIRMED,0.0248755142834904,0.9701168225392243,0.005007663177285315,CONFIRMED
6521045,3,K00041.03,CONFIRMED,0.002883764461979919,0.9968770659234325,0.00023916961458750558,CONFIRMED
8866102,1,K00042.01,CONFIRMED,0.10763155345476486,0.8001284880504624,0.09223995849477286,CONFIRMED
9025922,1,K00043.01,FALSE POSITIVE,0.00046654073516339385,0.00013272707041907781,0.9994007321944173,FALSE POSITIVE
8845026,1,K00044.01,FALSE POSITIVE,0.0007492594589604542,0.000715197330040943,0.9985355432109985,FALSE POSITIVE
3742855,1,K00045.01,FALSE POSITIVE,0.0013873401330675693,0.0002664444727888187,0.9983462153941434,FALSE POSITIVE
10905239,1,K00046.01,CONFIRMED,0.002291383029437015,0.9967041914388586,0.0010044255317045389,CONFIRMED
10905239,2,K00046.02,CONFIRMED,0.033549629323244776,0.9649797038360168,0.0014706668407382527,CONFIRMED
7837302,1,K00048.01,FALSE POSITIVE,0.00036381492686035405,0.00016190126412773696,0.999474283809012,FALSE POSITIVE
9527334,1,K00049.01,CONFIRMED,0.004965781334928999,0.9937563279753086,0.0012778906897626767,CONFIRMED
6056992,1,K00051.01,FALSE POSITIVE,0.000373467551733034,0.00013922399283798758,0.9994873084554289,FALSE POSITIVE
3558981,1,K00052.01,FALSE POSITIVE,0.007124542425765746,0.0013795249227816634,0.9914959326514527,FALSE POSITIVE
2445975,1,K00053.01,FALSE POSITIVE,0.006215884934021939,0.0008607087922252503,0.9929234062737528,FALSE POSITIVE
8248939,1,K00061.01,FALSE POSITIVE,0.00037941939501536496,8.460583528716298e-05,0.9995359747696976,FALSE POSITIVE
11554435,1,K00063.01,CONFIRMED,0.0031098578948262003,0.9956939916636238,0.0011961504415501712,CONFIRMED
7051180,1,K00064.01,CANDIDATE,0.9055429510141662,0.0818833780833883,0.012573670902445683,CANDIDATE
10620329,1,K00066.01,FALSE POSITIVE,0.003975703645788438,0.0011404298123649328,0.9948838665418467,FALSE POSITIVE
8669092,1,K00068.01,FALSE POSITIVE,0.01731143353954997,0.0020520816943845155,0.9806364847660656,FALSE POSITIVE
3544595,1,K00069.01,CONFIRMED,0.027626933123228125,0.9360666598112096,0.036306407065562096,CONFIRMED
6850504,1,K00070.01,CONFIRMED,0.00041960266716370583,0.9993283967813912,0.0002520005514451327,CONFIRMED
6850504,2,K00070.02,CONFIRMED,0.0007479067937190974,0.9987609745953528,0.0004911186109279674,CONFIRMED
6850504,3,K00070.03,CONFIRMED,0.0010428994118336227,0.9987776507300707,0.00017944985809572166,CONFIRMED
6850504,4,K00070.04,CONFIRMED,0.0036584884094336555,0.9955995241933192,0.0007419873972471249,CONFIRMED
6850504,5,K00070.05,CONFIRMED,0.002886172789291702,0.9968607498820525,0.00025307732865589573,CONFIRMED
11904151,1,K00072.01,CONFIRMED,0.008349953952552867,0.9870272577651238,0.0046227882823234034,CONFIRMED
11904151,2,K00072.02,CONFIRMED,0.07674521942419975,0.8284863912503999,0.09476838932540042,CONFIRMED
6889235,1,K00074.01,FALSE POSITIVE,0.0022871462812780485,0.0030837671799982505,0.9946290865387238,FALSE POSITIVE
7199397,1,K00075.01,CANDIDATE,0.909612612067097,0.019901349401205394,0.07048603853169749,CANDIDATE
9955262,1,K00076.01,FALSE POSITIVE,0.05292595633081695,0.014947729602496802,0.9321263140666861,FALSE POSITIVE
9552608,1,K00080.01,FALSE POSITIVE,0.002120973459846728,0.0005326900576692393,0.997346336482484,FALSE POSITIVE
8823868,1,K00081.01,FALSE POSITIVE,0.0017548693791752422,0.0022284364729384344,0.9960166941478865,FALSE POSITIVE
10187017,1,K00082.01,CONFIRMED,0.00048178364235944494,0.9992861805341805,0.00023203582346009366,CONFIRMED
10187017,2,K00082.02,CONFIRMED,0.0011905142235135921,0.9984383803151933,0.0003711054612930712,CONFIRMED
10187017,3,K00082.03,CONFIRMED,0.00110838615296037,0.9986116033967244,0.0002800104503151227,CONFIRMED
10187017,4,K00082.04,CONFIRMED,0.005672638368215306,0.9931238945791484,0.0012034670526363735,CONFIRMED
10187017,5,K00082.05,CONFIRMED,0.012936423267126641,0.9849598707910338,0.002103705941839434,CONFIRMED
10187017,6,K00082.06,CANDIDATE,0.9882167915687186,0.008496253515962055,0.0032869549153195,CANDIDATE
2571238,1,K00084.01,CONFIRMED,0.0047133846448175675,0.9935213689746429,0.0017652463805395507,CONFIRMED
5866724,1,K00085.01,CONFIRMED,0.1443418856027088,0.8254804355586639,0.030177678838627313,CONFIRMED
5866724,2,K00085.02,CONFIRMED,0.007606544428513254,0.989833395561484,0.002560060010002868,CONFIRMED
5866724,3,K00085.03,CONFIRMED,0.0024264477874749264,0.9971109504858718,0.00046260172665329525,CONFIRMED
10593626,1,K00087.01,CONFIRMED,0.006332212241674344,0.9888947324193136,0.004773055339012122,CONFIRMED
7700871,1,K00088.01,FALSE POSITIVE,0.0022234457140269098,0.0032146988507105335,0.9945618554352627,FALSE POSITIVE
8056665,1,K00089.01,CONFIRMED,0.013411607731487302,0.9832022036442631,0.0033861886242496776,CONFIRMED
8056665,2,K00089.02,CANDIDATE,0.9769574539031777,0.018436668382628158,0.004605877714194267,CANDIDATE
9210823,1,K00090.01,FALSE POSITIVE,0.003440024057826995,0.0028469343321562437,0.993713041610017,FALSE POSITIVE
7941200,1,K00092.01,CANDIDATE,0.974707745556723,0.021460782036604138,0.003831472406672752,CANDIDATE
6462863,1,K00094.01,CONFIRMED,0.0020982377932872846,0.9960584311934861,0.0018433310132265472,CONFIRMED
6462863,2,K00094.02,CONFIRMED,0.001474958294157565,0.99740167221746,0.0011233694883824666,CONFIRMED
6462863,3,K00094.03,CONFIRMED,0.001347400421193881,0.9982109756380717,0.0004416239407344521,CONFIRMED
6462863,4,K00094.04,CONFIRMED,0.004372551690680769,0.9947232145174818,0.0009042337918372133,CONFIRMED
5780885,1,K00097.01,CONFIRMED,0.006049131078840645,0.9838774649052475,0.010073404015911948,CONFIRMED
10264660,1,K00098.01,CONFIRMED,0.0021154019316687177,0.997070661973551,0.0008139360947800654,CONFIRMED
4055765,1,K00100.01,CANDIDATE,0.9321065603232964,0.01965888409194545,0.04823455558475806,CANDIDATE
8456679,1,K00102.01,CANDIDATE,0.9856302885270485,0.008434410411282399,0.0059353010616689725,CANDIDATE
8456679,2,K00102.02,FALSE POSITIVE,0.018512083064702815,0.037240088232106304,0.9442478287031908,FALSE POSITIVE
2444412,1,K00103.01,CANDIDATE,0.38513609173435226,0.5855363233262884,0.029327584939359306,CONFIRMED
10318874,1,K00104.01,CONFIRMED,0.016777819490343928,0.9805763565016432,0.002645824008012909,CONFIRMED
8711794,1,K00105.01,CONFIRMED,0.009428636360847812,0.9884667847964218,0.0021045788427304845,CONFIRMED
10489525,1,K00106.01,FALSE POSITIVE,0.0017577506332119189,0.0011509649645615864,0.9970912844022266,FALSE POSITIVE
11250587,1,K00107.01,CONFIRMED,0.0006843235855954823,0.9990937115805221,0.00022196483388247835,CONFIRMED
4914423,1,K00108.01,CONFIRMED,0.0010843013671354414,0.9979148687308741,0.001000829901990471,CONFIRMED
4914423,2,K00108.02,CONFIRMED,0.008412288729228818,0.9909095205002361,0.0006781907705353016,CONFIRMED
4752451,1,K00109.01,FALSE POSITIVE,0.0005929011723548169,0.00066346753686879,0.9987436312907763,FALSE POSITIVE
9450647,1,K00110.01,CONFIRMED,0.003794884933232086,0.9952517208809991,0.0009533941857688976,CONFIRMED
6678383,1,K00111.01,CONFIRMED,0.002245797117149328,0.9964338471650128,0.001320355717838014,CONFIRMED
6678383,2,K00111.02,CONFIRMED,0.0008930296714343871,0.9986579452136486,0.00044902511491714755,CONFIRMED
6678383,3,K00111.03,CONFIRMED,0.0008257296705575277,0.998884102471824,0.00029016785761828984,CONFIRMED
10984090,1,K00112.01,CONFIRMED,0.004314076368682458,0.9946446253327489,0.001041298298568555,CONFIRMED
10984090,2,K00112.02,CONFIRMED,0.0023308755147012144,0.9972669935724994,0.0004021309127992747,CONFIRMED
6721123,1,K00114.01,FALSE POSITIVE,0.0002346839058252562,0.00013929852661329867,0.9996260175675612,FALSE POSITIVE
9579641,1,K00115.01,CONFIRMED,0.0007357602358626052,0.9990653273323193,0.00019891243181812226,CONFIRMED
9579641,2,K00115.02,CONFIRMED,0.0006225183884467458,0.9992068073970989,0.0001706742144545229,CONFIRMED
9579641,3,K00115.03,CANDIDATE,0.9835896324909168,0.010859153316457952,0.005551214192625493,CANDIDATE
8395660,1,K00116.01,CONFIRMED,0.0015607159848627324,0.9980363494227036,0.00040293459243349097,CONFIRMED
8395660,2,K00116.02,CONFIRMED,0.001799764682871726,0.9979271798378944,0.00027305547923405274,CONFIRMED
8395660,3,K00116.03,CONFIRMED,0.022076303119850295,0.9769020129803032,0.0010216838998466798,CONFIRMED
8395660,4,K00116.04,CONFIRMED,0.009406631257192133,0.9899361959311826,0.0006571728116255997,CONFIRMED
10875245,1,K00117.01,CONFIRMED,0.001438706846583102,0.9981589442286213,0.00040234892479571274,CONFIRMED
10875245,2,K00117.02,CONFIRMED,0.0019869318755188574,0.9972661950789028,0.0007468730455783478,CONFIRMED
10875245,3,K00117.03,CONFIRMED,0.0029873210715688674,0.9958078354193338,0.0012048435090971875,CONFIRMED
10875245,4,K00117.04,CONFIRMED,0.035272334031555136,0.9603578888051009,0.004369777163343969,CONFIRMED
3531558,1,K00118.01,CONFIRMED,0.0035677189207125102,0.9948881856065082,0.0015440954727794175,CONFIRMED
9471974,1,K00119.01,CONFIRMED,0.002448853854661617,0.9955970597103312,0.001954086435007538,CONFIRMED
9471974,2,K00119.02,CONFIRMED,0.0034531818977472663,0.9957942251066013,0.0007525929956516252,CONFIRMED
11869052,1,K00120.01,CANDIDATE,0.9760327242612887,0.012021308434307498,0.01194596730440409,CANDIDATE
3247396,1,K00121.01,FALSE POSITIVE,0.0016677671608766264,0.0010429365708091614,0.9972892962683142,FALSE POSITIVE
8349582,1,K00122.01,CONFIRMED,0.001228369199776337,0.9984790260083611,0.0002926047918627221,CONFIRMED
5094751,1,K00123.01,CONFIRMED,0.00276211204416382,0.9965855892467985,0.0006522987090374444,CONFIRMED
5094751,2,K00123.02,CONFIRMED,0.0012444341642097862,0.9983716281041166,0.00038393773167367563,CONFIRMED
11086270,1,K00124.01,CONFIRMED,0.005514366347484287,0.9906536046230786,0.0038320290294373586,CONFIRMED
11086270,2,K00124.02,CONFIRMED,0.007941157333244853,0.9915433100300988,0.000515532636656482,CONFIRMED
11449844,1,K00125.01,CONFIRMED,0.0036735279915710893,0.9877738432889511,0.008552628719477602,CONFIRMED
5897826,1,K00126.01,FALSE POSITIVE,0.002058804674177682,0.0033727864061081658,0.9945684089197143,FALSE POSITIVE
5897826,2,K00126.02,CANDIDATE,0.9776937235569725,0.007628220433517192,0.014678056009510462,CANDIDATE
8359498,1,K00127.01,CONFIRMED,0.0016716002550835503,0.9977212348972943,0.000607164847621949,CONFIRMED
11359879,1,K00128.01,CONFIRMED,0.004725595865585564,0.9931981870369521,0.0020762170974623862,CONFIRMED
11974540,1,K00129.01,CONFIRMED,0.012531113145959337,0.965437851714654,0.022031035139386396,CONFIRMED
5297298,1,K00130.01,CANDIDATE,0.9307642651605792,0.03281764062568181,0.0364180942137388,CANDIDATE
7778437,1,K00131.01,CONFIRMED,0.0039660979852630006,0.9939431120298909,0.002090789984846142,CONFIRMED
8892910,1,K00132.01,FALSE POSITIVE,0.004227369402457195,0.001367685137812501,0.9944049454597302,FALSE POSITIVE
11673674,1,K00133.01,FALSE POSITIVE,0.007075726129566757,0.010417279933432291,0.982506993937001,FALSE POSITIVE
9032900,1,K00134.01,FALSE POSITIVE,0.004161188380221628,0.0017917542358476472,0.9940470573839306,FALSE POSITIVE
9818381,1,K00135.01,CONFIRMED,0.003647941706837724,0.9936952147854162,0.0026568435077458704,CONFIRMED
7601633,1,K00136.01,FALSE POSITIVE,0.008796810176469638,0.0030735083492886535,0.9881296814742417,FALSE POSITIVE
8644288,1,K00137.01,CONFIRMED,0.0016056253935407834,0.9975219849822247,0.0008723896242342808,CONFIRMED
8644288,2,K00137.02,CONFIRMED,0.002339878894568556,0.9971575408779694,0.0005025802274622002,CONFIRMED
8644288,3,K00137.03,CONFIRMED,0.001575815174714886,0.9982128181716644,0.00021136665362068662,CONFIRMED
8506766,1,K00138.01,FALSE POSITIVE,0.0029964450577031356,0.0009405709109435036,0.9960629840313534,FALSE POSITIVE
8559644,1,K00139.01,CONFIRMED,0.01062057411830737,0.9882177274403147,0.001161698441378115,CONFIRMED
8559644,2,K00139.02,CONFIRMED,0.0024208374588354413,0.997131812967534,0.000447349573630466,CONFIRMED
5130369,1,K00140.01,FALSE POSITIVE,0.0018263341374969964,0.0009159070386781037,0.997257758823825,FALSE POSITIVE
12105051,1,K00141.01,CANDIDATE,0.9655715178713767,0.03314778702166677,0.0012806951069564542,CANDIDATE
4649305,1,K00143.01,CANDIDATE,0.9615913948702921,0.0029480203004857656,0.03546058482922207,CANDIDATE
4180280,1,K00144.01,CONFIRMED,0.003931181053043122,0.9948368783009477,0.0012319406460093432,CONFIRMED
9904059,1,K00145.01,CANDIDATE,0.9872037450773116,0.005533473152317328,0.007262781770371104,CANDIDATE
9048161,1,K00146.01,FALSE POSITIVE,0.0013247324291376433,0.0005273591214529178,0.9981479084494096,FALSE POSITIVE
1996679,1,K00147.01,FALSE POSITIVE,0.0010986742735909515,0.0005116469767809862,0.9983896787496281,FALSE POSITIVE
5735762,1,K00148.01,CONFIRMED,0.00118032217048116,0.9985786329119328,0.00024104491758596198,CONFIRMED
5735762,2,K00148.02,CONFIRMED,0.001521278961467705,0.9981103815315293,0.00036833950700321114,CONFIRMED
5735762,3,K00148.03,CONFIRMED,0.0009892035395769997,0.9988246996120344,0.00018609684838850841,CONFIRMED
3835670,1,K00149.01,CONFIRMED,0.0038144836109457203,0.9947612364053938,0.001424279983660482,CONFIRMED
7626506,1,K00150.01,CONFIRMED,0.003022592407325625,0.9961120798406569,0.0008653277520174091,CONFIRMED
7626506,2,K00150.02,CONFIRMED,0.0032266259901533563,0.9963890337904903,0.0003843402193564175,CONFIRMED
2307199,1,K00151.01,CANDIDATE,0.9567192178735996,0.003971410663981081,0.03930937146241942,CANDIDATE
8394721,1,K00152.01,CONFIRMED,0.0028782641323101613,0.9966745331780476,0.00044720268964243827,CONFIRMED
8394721,2,K00152.02,CONFIRMED,0.0015552562785693027,0.9975855702275345,0.0008591734938963678,CONFIRMED
8394721,3,K00152.03,CONFIRMED,0.002910756858076407,0.9961996245803988,0.0008896185615246536,CONFIRMED
8394721,4,K00152.04,CONFIRMED,0.014349754792975048,0.9844789445672019,0.0011713006398228918,CONFIRMED
12252424,1,K00153.01,CONFIRMED,0.0014740377097465132,0.9977877015095606,0.0007382607806928325,CONFIRMED
12252424,2,K00153.02,CONFIRMED,0.0011547195118063421,0.9982612645735424,0.0005840159146511905,CONFIRMED
8030148,1,K00155.01,CONFIRMED,0.007136407745176129,0.9900287248358444,0.002834867418979447,CONFIRMED
10925104,1,K00156.01,CONFIRMED,0.003408126763291315,0.9958478262792925,0.000744046957416358,CONFIRMED
10925104,2,K00156.02,CONFIRMED,0.0019360463809414057,0.9968724313352048,0.0011915222838536424,CONFIRMED
10925104,3,K00156.03,CONFIRMED,0.003209849809681618,0.995330881430181,0.0014592687601372605,CONFIRMED
6541920,1,K00157.01,CONFIRMED,0.0009276653109621945,0.9988423928806801,0.00022994180835735867,CONFIRMED
6541920,2,K00157.02,CONFIRMED,0.0003705968276617559,0.9994427679182721,0.00018663525406605746,CONFIRMED
6541920,3,K00157.03,CONFIRMED,0.0004793922292421661,0.9993047796944357,0.00021582807632227597,CONFIRMED
6541920,4,K00157.04,CONFIRMED,0.0012544480454975868,0.997936307854372,0.0008092441001303358,CONFIRMED
6541920,5,K00157.05,CONFIRMED,0.0011283460447050625,0.9986752533622019,0.0001964005930928415,CONFIRMED
6541920,6,K00157.06,CONFIRMED,0.0003734411639756305,0.9995024521375577,0.0001241066984666515,CONFIRMED
10555375,1,K00158.01,FALSE POSITIVE,0.0006628502688873229,0.001231809735284833,0.9981053399958276,FALSE POSITIVE
8972058,1,K00159.01,CONFIRMED,0.0009895776658115506,0.9986346526667131,0.0003757696674754032,CONFIRMED
8972058,2,K00159.02,CONFIRMED,0.017094494875711973,0.980950350665906,0.0019551544583820005,CONFIRMED
6631721,1,K00160.01,CANDIDATE,0.962934215932859,0.006582436027987297,0.030483348039153625,CANDIDATE
5084942,1,K00161.01,CONFIRMED,0.0013868663930248029,0.9982238856458847,0.00038924796109044503,CONFIRMED
8107380,1,K00162.01,CONFIRMED,0.007087535654607887,0.9919335999451558,0.000978864400236339,CONFIRMED
6851425,1,K00163.01,CONFIRMED,0.006873253864498636,0.9923077601420736,0.0008189859934277547,CONFIRMED
5652237,1,K00164.01,FALSE POSITIVE,0.0020205390689583456,0.0012600172045412834,0.9967194437265005,FALSE POSITIVE
9527915,1,K00165.01,CONFIRMED,0.001301180682391283,0.998417004749313,0.000281814568295772,CONFIRMED
2441495,1,K00166.01,CONFIRMED,0.019701455669056657,0.9789159709457217,0.001382573385221652,CONFIRMED
11666881,1,K00167.01,CONFIRMED,0.0025652413853248174,0.9940805226947221,0.003354235919952875,CONFIRMED
11512246,1,K00168.01,CONFIRMED,0.002482993443037953,0.9971407054045657,0.0003763011523962017,CONFIRMED
11512246,2,K00168.02,CONFIRMED,0.001029095150576626,0.9987016801760238,0.0002692246733993889,CONFIRMED
11512246,3,K00168.03,CONFIRMED,0.01015440040735584,0.9889075089050477,0.0009380906875961549,CONFIRMED
6185711,1,K00169.01,FALSE POSITIVE,0.001186534065966814,0.000742318605513744,0.9980711473285195,FALSE POSITIVE
11044770,1,K00170.01,FALSE POSITIVE,0.00040076563128243743,0.0004675343674618505,0.9991317000012557,FALSE POSITIVE
7831264,1,K00171.01,CONFIRMED,0.0017322518679770472,0.997604418675519,0.0006633294565041896,CONFIRMED
7831264,2,K00171.02,CONFIRMED,0.004460257380893419,0.9949416007794002,0.000598141839706134,CONFIRMED
8692861,1,K00172.01,CONFIRMED,0.003944284308954565,0.994779946300859,0.0012757693901865427,CONFIRMED
8692861,2,K00172.02,CONFIRMED,0.00902348646921572,0.9887259907029377,0.002250522827846757,CONFIRMED
11402995,1,K00173.01,CONFIRMED,0.011377879544172896,0.9868695828146322,0.0017525376411949988,CONFIRMED
10810838,1,K00174.01,CONFIRMED,0.013039295368614702,0.9852415767551582,0.0017191278762270109,CONFIRMED
8323753,1,K00175.01,FALSE POSITIVE,0.0013674018654734736,0.0017561514900343667,0.996876446644492,FALSE POSITIVE
6442377,1,K00176.01,CONFIRMED,0.0039045605955584177,0.995670346177385,0.00042509322705662397,CONFIRMED
6803202,1,K00177.01,CANDIDATE,0.9551532319632349,0.04271382682500908,0.0021329412117558804,CANDIDATE
11455491,1,K00178.01,FALSE POSITIVE,0.0008617275909146024,0.0006961722442414089,0.998442100164844,FALSE POSITIVE
9663113,1,K00179.01,CONFIRMED,0.0026982196050812806,0.9962836428031514,0.0010181375917672193,CONFIRMED
9663113,2,K00179.02,CONFIRMED,0.011363659688112211,0.9854543838567064,0.0031819564551815245,CONFIRMED
9573539,1,K00180.01,CONFIRMED,0.004188565700834176,0.9951542397222053,0.0006571945769601858,CONFIRMED
12504988,1,K00181.01,FALSE POSITIVE,0.006096121469422783,0.0017329627637680703,0.9921709157668095,FALSE POSITIVE
5376836,1,K00182.01,CANDIDATE,0.9624706484086789,0.010875397441609978,0.02665395414971129,CANDIDATE
9651668,1,K00183.01,CONFIRMED,0.003939861066233831,0.9935774413884642,0.002482697545301928,CONFIRMED
7972785,1,K00184.01,FALSE POSITIVE,0.006710535789764058,0.0030084168491066837,0.9902810473611291,FALSE POSITIVE
4178389,1,K00185.01,FALSE POSITIVE,0.008842975879336523,0.0012383822983184705,0.989918641822345,FALSE POSITIVE
12019440,1,K00186.01,CONFIRMED,0.004200600987476595,0.9946289464347698,0.0011704525777536234,CONFIRMED
7023960,1,K00187.01,FALSE POSITIVE,0.007616858459395357,0.004726136893464514,0.9876570046471402,FALSE POSITIVE
5357901,1,K00188.01,CONFIRMED,0.0011458273177638591,0.9983047065940989,0.0005494660881371679,CONFIRMED
11391018,1,K00189.01,CONFIRMED,0.015523262314201565,0.977327916761436,0.007148820924362348,CONFIRMED
5771719,1,K00190.01,FALSE POSITIVE,0.002687728533045518,0.002313195789529031,0.9949990756774253,FALSE POSITIVE
5972334,1,K00191.01,CONFIRMED,0.002906635967926523,0.9959532593815889,0.001140104650484414,CONFIRMED
5972334,2,K00191.02,CANDIDATE,0.9361066257760368,0.0597847046840107,0.004108669539952664,CANDIDATE
5972334,3,K00191.03,CANDIDATE,0.9635247183200005,0.03142564796083062,0.00504963371916892,CANDIDATE
5972334,4,K00191.04,CONFIRMED,0.005608512500353379,0.9938478190489052,0.0005436684507415691,CONFIRMED
7950644,1,K00192.01,CONFIRMED,0.0033090969349878923,0.9949604504439974,0.001730452621014955,CONFIRMED
10799735,1,K00193.01,FALSE POSITIVE,0.0068103223237877064,0.023310513214809696,0.9698791644614027,FALSE POSITIVE
10904857,1,K00194.01,CONFIRMED,0.10198470124481576,0.016091736324853282,0.8819235624303309,FALSE POSITIVE
11502867,1,K00195.01,CONFIRMED,0.004672115866969302,0.9938510237785164,0.0014768603545142662,CONFIRMED
9410930,1,K00196.01,CONFIRMED,0.010049032829265479,0.9853972291216082,0.004553738049126327,CONFIRMED
2987027,1,K00197.01,CONFIRMED,0.002989791446539176,0.9955394671481549,0.0014707414053060054,CONFIRMED
10666242,1,K00198.01,FALSE POSITIVE,0.0018005779717466285,0.001174931257265297,0.997024490770988,FALSE POSITIVE
10019708,1,K00199.01,CONFIRMED,0.018008042533761596,0.9673398131728065,0.014652144293431991,CONFIRMED
10019708,2,K00199.02,FALSE POSITIVE,0.00030195791405816325,0.0002048738471707551,0.9994931682387715,FALSE POSITIVE
6046540,1,K00200.01,CONFIRMED,0.004342966190955478,0.9942374583730301,0.0014195754360145673,CONFIRMED
6849046,1,K00201.01,CONFIRMED,0.00149321730523555,0.9980442320807464,0.0004625506140180918,CONFIRMED
7877496,1,K00202.01,CONFIRMED,0.005435487797454584,0.9932259420348513,0.0013385701676941564,CONFIRMED
10619192,1,K00203.01,CONFIRMED,0.004560624041580283,0.9934602053658964,0.001979170592523561,CONFIRMED
9305831,1,K00204.01,CONFIRMED,0.0038917851150564874,0.9946005289851976,0.0015076858997458138,CONFIRMED
7046804,1,K00205.01,CONFIRMED,0.004055721247760816,0.9932659803568937,0.0026782983953454365,CONFIRMED
5728139,1,K00206.01,CONFIRMED,0.011428797473952264,0.9834832142705731,0.005087988255474584,CONFIRMED
3762468,1,K00208.01,CONFIRMED,0.00822841737868613,0.9880363775472204,0.00373520507409349,CONFIRMED
10723750,1,K00209.01,CONFIRMED,0.0042697631520217435,0.9888970077852367,0.006833229062741635,CONFIRMED
10723750,2,K00209.02,CONFIRMED,0.003206338010471323,0.9947394728935938,0.0020541890959349103,CONFIRMED
10602291,1,K00210.01,FALSE POSITIVE,0.013423523769063587,0.0037594097874847424,0.9828170664434515,FALSE POSITIVE
10656508,1,K00211.01,CANDIDATE,0.9737347497063964,0.022319521806707435,0.003945728486895991,CANDIDATE
6300348,1,K00212.01,CANDIDATE,0.9524349860438616,0.04473311985550115,0.0028318941006374794,CANDIDATE
9164836,1,K00213.01,FALSE POSITIVE,0.0008040386017526237,0.00015125093642621727,0.9990447104618211,FALSE POSITIVE
11046458,1,K00214.01,CONFIRMED,0.008686864719948778,0.9855542303655651,0.0057589049144859935,CONFIRMED
12508335,1,K00215.01,FALSE POSITIVE,0.01780594925794418,0.002063204792022469,0.9801308459500332,FALSE POSITIVE
6152974,1,K00216.01,CONFIRMED,0.0025249078851325895,0.9971015108210668,0.00037358129380035877,CONFIRMED
6152974,2,K00216.02,CONFIRMED,0.006752250583852713,0.9922502655621219,0.0009974838540251945,CONFIRMED
9595827,1,K00217.01,CONFIRMED,0.0017459471532915217,0.9964884678596845,0.0017655849870242355,CONFIRMED
9838975,1,K00218.01,FALSE POSITIVE,0.007263037746924151,0.0085343103983597,0.9842026518547161,FALSE POSITIVE
6305192,1,K00219.01,CONFIRMED,0.01148709113461181,0.9842133022882479,0.004299606577140498,CONFIRMED
7132798,1,K00220.01,CONFIRMED,0.003419098434508853,0.9946760981289204,0.0019048034365705285,CONFIRMED
7132798,2,K00220.02,CONFIRMED,0.012481906793139423,0.9859259069391585,0.0015921862677018242,CONFIRMED
3937519,1,K00221.01,CONFIRMED,0.0015367339078619414,0.9967866472133895,0.0016766188787483538,CONFIRMED
3937519,2,K00221.02,CANDIDATE,0.980188993111939,0.017135705985753074,0.0026753009023078892,CANDIDATE
4249725,1,K00222.01,CONFIRMED,0.0019853890549906593,0.9975108975224957,0.0005037134225139258,CONFIRMED
4249725,2,K00222.02,CONFIRMED,0.0016833407945188764,0.9978171270585259,0.0004995321469553164,CONFIRMED
4545187,1,K00223.01,CONFIRMED,0.0037615375549669467,0.9956136616675941,0.00062480077743877,CONFIRMED
4545187,2,K00223.02,CONFIRMED,0.002396392562272201,0.9971297784687976,0.00047382896893041656,CONFIRMED
5547480,1,K00224.01,FALSE POSITIVE,0.0026660069929030318,0.0006850786879280367,0.9966489143191689,FALSE POSITIVE
5801571,1,K00225.01,FALSE POSITIVE,0.008747853742170643,0.0053207663429802755,0.9859313799148491,FALSE POSITIVE
5959753,1,K00226.01,CONFIRMED,0.005018363324716282,0.9939023883186449,0.0010792483566387692,CONFIRMED
3847907,1,K00229.01,CONFIRMED,0.008613663963724944,0.9894283350399743,0.0019580009963007477,CONFIRMED
3862246,1,K00230.01,FALSE POSITIVE,0.001844445193378114,0.0006201145405276723,0.9975354402660944,FALSE POSITIVE
4043443,1,K00231.01,FALSE POSITIVE,0.005354185149233292,0.001885426731151428,0.9927603881196153,FALSE POSITIVE
4833421,1,K00232.01,CONFIRMED,0.001701602908759514,0.9978954964732711,0.0004029006179693154,CONFIRMED
4833421,2,K00232.02,CONFIRMED,0.0006952388078591561,0.9991297324296159,0.0001750287625247945,CONFIRMED
4833421,3,K00232.03,CONFIRMED,0.0032971021528561874,0.9962328528707732,0.00047004497637062034,CONFIRMED
4833421,4,K00232.04,CONFIRMED,0.001225998648519496,0.998555615683131,0.00021838566834969593,CONFIRMED
4833421,5,K00232.05,CONFIRMED,0.00456624951970903,0.9949253508131908,0.0005083996671002959,CONFIRMED
5023956,1,K00233.01,FALSE POSITIVE,0.00273280041564891,0.001171246220308498,0.9960959533640426,FALSE POSITIVE
8491277,1,K00234.01,CONFIRMED,0.006021209889636467,0.9921639586029184,0.001814831507445376,CONFIRMED
8107225,1,K00235.01,CONFIRMED,0.00617451193354325,0.9927809999271264,0.0010444881393302959,CONFIRMED
8453211,1,K00236.01,FALSE POSITIVE,0.0005369485496288949,0.0006628456941342267,0.9988002057562368,FALSE POSITIVE
8041216,1,K00237.01,CONFIRMED,0.007751195708491573,0.9913591204646501,0.0008896838268583834,CONFIRMED
7219825,1,K00238.01,CONFIRMED,0.0022366658534936647,0.9974611160060834,0.0003022181404228282,CONFIRMED
7219825,2,K00238.02,CONFIRMED,0.015310703605051573,0.980616744777764,0.004072551617184565,CONFIRMED
7219825,3,K00238.03,CANDIDATE,0.9800636649578583,0.01773368776378072,0.0022026472783609335,CANDIDATE
6383785,1,K00239.01,CONFIRMED,0.014272346482736866,0.9846181407010479,0.0011095128162154492,CONFIRMED
6383785,2,K00239.02,CANDIDATE,0.9446802872408162,0.04978439502428156,0.005535317734902075,CANDIDATE
8026752,1,K00240.01,CONFIRMED,0.00726334106631033,0.9875698614188622,0.005166797514827377,CONFIRMED
11288051,1,K00241.01,CONFIRMED,0.0006427559287215345,0.9990855210996579,0.0002717229716205112,CONFIRMED
11288051,2,K00241.02,CONFIRMED,0.013051868345042766,0.9858865070423577,0.0010616246125993703,CONFIRMED
11288051,3,K00241.03,CONFIRMED,0.0017045403157880154,0.9975657191307864,0.0007297405534254733,CONFIRMED
3642741,1,K00242.01,FALSE POSITIVE,0.03609011392449368,0.08981898174990706,0.8740909043255991,FALSE POSITIVE
9592579,1,K00243.01,FALSE POSITIVE,0.0006796707796196593,0.0005496591583699974,0.9987706700620106,FALSE POSITIVE
4349452,1,K00244.01,CONFIRMED,0.017407286915938763,0.9793531445521728,0.003239568531888401,CONFIRMED
4349452,2,K00244.02,CONFIRMED,0.015757421332993956,0.9800937524273876,0.0041488262396184635,CONFIRMED
8478994,1,K00245.01,CONFIRMED,0.07281782137514829,0.8340938762616398,0.09308830236321197,CONFIRMED
8478994,2,K00245.02,CONFIRMED,0.017888844877537505,0.9488995042325513,0.033211650889911154,CONFIRMED
11295426,1,K00246.01,CONFIRMED,0.04419025008898975,0.9122328685778625,0.043576881333147924,CONFIRMED
11295426,2,K00246.02,CONFIRMED,0.06559645622474085,0.8743586482929911,0.0600448954822679,CONFIRMED
11852982,1,K00247.01,CANDIDATE,0.9758230725476637,0.02263083947065285,0.0015460879816835815,CANDIDATE
5364071,1,K00248.01,CONFIRMED,0.0009961689866441541,0.9986628386782835,0.0003409923350722986,CONFIRMED
5364071,2,K00248.02,CONFIRMED,0.0022047248083877286,0.9972832561197289,0.0005120190718834419,CONFIRMED
5364071,3,K00248.03,CONFIRMED,0.00762782793948495,0.9906442712653867,0.0017279007951282908,CONFIRMED
5364071,4,K00248.04,CONFIRMED,0.0013570892565004976,0.9983846531393996,0.00025825760410006296,CONFIRMED
9390653,1,K00249.01,CONFIRMED,0.03507325487878899,0.9521020730299252,0.012824672091285724,CONFIRMED
9757613,1,K00250.01,CONFIRMED,0.002583995658957559,0.9969856811758946,0.0004303231651478686,CONFIRMED
9757613,2,K00250.02,CONFIRMED,0.0022495015998803174,0.9973493994919442,0.0004010989081755038,CONFIRMED
9757613,3,K00250.03,CONFIRMED,0.003593216199829218,0.9957136028635285,0.00069318093664216,CONFIRMED
9757613,4,K00250.04,CONFIRMED,0.0007505188659789769,0.9990688396134241,0.00018064152059688897,CONFIRMED
10489206,1,K00251.01,CONFIRMED,0.0031218188867391064,0.9962092606889849,0.000668920424275859,CONFIRMED
10489206,2,K00251.02,CONFIRMED,0.01859685166345069,0.9800183780920618,0.0013847702444875648,CONFIRMED
11187837,1,K00252.01,CANDIDATE,0.8753067664066536,0.12229988332569398,0.0023933502676523805,CANDIDATE
11752906,1,K00253.01,CANDIDATE,0.9805630939400556,0.016144829962576757,0.003292076097367658,CANDIDATE
11752906,2,K00253.02,CANDIDATE,0.9784656028608255,0.016871466021893156,0.004662931117281441,CANDIDATE
5794240,1,K00254.01,CONFIRMED,0.0041846594667199945,0.9873185732195008,0.008496767313779414,CONFIRMED
7021681,1,K00255.01,CONFIRMED,0.00198847724854079,0.9977195773511991,0.0002919454002602296,CONFIRMED
7021681,2,K00255.02,CANDIDATE,0.9878461335088039,0.010332689332710183,0.0018211771584860004,CANDIDATE
7021681,3,K00255.03,FALSE POSITIVE,0.029723981390743632,0.002852172956362974,0.9674238456528934,FALSE POSITIVE
11548140,1,K00256.01,FALSE POSITIVE,0.003781148525961628,0.004253744086273905,0.9919651073877643,FALSE POSITIVE
5514383,1,K00257.01,CONFIRMED,0.005856208242316499,0.9929278605728759,0.0012159311848075642,CONFIRMED
11231334,1,K00258.01,FALSE POSITIVE,0.003087438054472177,0.0020370180406953002,0.9948755439048327,FALSE POSITIVE
5790807,1,K00259.01,FALSE POSITIVE,0.15134227277552464,0.009925314277029572,0.8387324129474457,FALSE POSITIVE
8292840,1,K00260.01,CONFIRMED,0.012817928446263697,0.9856306419745309,0.0015514295792055186,CONFIRMED
8292840,2,K00260.02,CONFIRMED,0.010562499651315631,0.9842911016027819,0.005146398745902413,CONFIRMED
8292840,3,K00260.03,CONFIRMED,0.00957045776957948,0.9831682605797737,0.007261281650646693,CONFIRMED
5383248,1,K00261.01,CONFIRMED,0.014215838332754322,0.9489642229200023,0.03681993874724325,CONFIRMED
11807274,1,K00262.01,CONFIRMED,0.00931315736507837,0.9887298591603383,0.0019569834745832484,CONFIRMED
11807274,2,K00262.02,CONFIRMED,0.006572408467600483,0.9919305406124691,0.0014970509199302216,CONFIRMED
10514430,1,K00263.01,FALSE POSITIVE,0.4808844114883796,0.037143320374363714,0.48197226813725685,FALSE POSITIVE
3097346,1,K00264.01,FALSE POSITIVE,0.0008062979896898484,0.0001474056754156769,0.9990462963348946,FALSE POSITIVE
12024120,1,K00265.01,CONFIRMED,0.006135384829128878,0.9928201324799616,0.001044482690909502,CONFIRMED
7375348,1,K00266.01,CONFIRMED,0.004193355422526062,0.9954630741351155,0.00034357044235821534,CONFIRMED
7375348,2,K00266.02,CANDIDATE,0.4399428676371718,0.5464858137814803,0.013571318581348048,CONFIRMED
3425851,1,K00268.01,CANDIDATE,0.9782699993230232,0.017209036444134632,0.004520964232842188,CANDIDATE
7670943,1,K00269.01,CANDIDATE,0.9091332665835561,0.08752931011653863,0.003337423299905277,CANDIDATE
6528464,1,K00270.01,CONFIRMED,0.006024918426729894,0.993135703149658,0.0008393784236119966,CONFIRMED
6528464,2,K00270.02,CONFIRMED,0.013675884850385872,0.9824172163435827,0.003906898806031402,CONFIRMED
9451706,1,K00271.01,CONFIRMED,0.005157370016839056,0.9914626909811135,0.0033799390020473226,CONFIRMED
9451706,2,K00271.02,CONFIRMED,0.007897650030794536,0.9879095648680568,0.004192785101148889,CONFIRMED
9451706,3,K00271.03,CONFIRMED,0.009672898489838553,0.9857250967872428,0.00460200472291855,CONFIRMED
5716763,1,K00272.01,FALSE POSITIVE,0.028207713671025817,0.00973906833228506,0.9620532179966892,FALSE POSITIVE
3102384,1,K00273.01,CONFIRMED,0.009994695202365064,0.9880335413624894,0.0019717634351453495,CONFIRMED
8077137,1,K00274.01,CONFIRMED,0.01464500649410564,0.9848031450250968,0.0005518484807976122,CONFIRMED
8077137,2,K00274.02,CONFIRMED,0.017244123515482435,0.9808923440049704,0.0018635324795472736,CONFIRMED
10586004,1,K00275.01,CONFIRMED,0.004161116893599671,0.9954669014724359,0.00037198163396431433,CONFIRMED
10586004,2,K00275.02,CONFIRMED,0.004562846849545122,0.9949040730647961,0.0005330800856589789,CONFIRMED
11133306,1,K00276.01,CONFIRMED,0.01055009616272534,0.9884687178834254,0.0009811859538493006,CONFIRMED
11401755,1,K00277.01,CONFIRMED,0.0055220757008098914,0.9934223081095646,0.001055616189625428,CONFIRMED
11401755,2,K00277.02,CONFIRMED,0.008386974885732356,0.9684008734238465,0.02321215169042109,CONFIRMED
12314973,1,K00279.01,CONFIRMED,0.0017598069183723296,0.997703104419412,0.0005370886622155887,CONFIRMED
12314973,2,K00279.02,CONFIRMED,0.0016405882519845679,0.9981119654696752,0.0002474462783401644,CONFIRMED
12314973,3,K00279.03,CONFIRMED,0.07292378834515693,0.9240975313520423,0.0029786803028007455,CONFIRMED
4141376,1,K00280.01,CONFIRMED,0.006306860191061912,0.9908959681779239,0.0027971716310142007,CONFIRMED
4143755,1,K00281.01,CONFIRMED,0.006882751899797168,0.9923466765412341,0.0007705715589685491,CONFIRMED
5088536,1,K00282.01,CONFIRMED,0.0008545809403436163,0.9988233553678832,0.00032206369177314613,CONFIRMED
5088536,2,K00282.02,CONFIRMED,0.002647714721168335,0.997127068777651,0.00022521650118078527,CONFIRMED
5088536,3,K00282.03,CONFIRMED,0.0293355558615983,0.9675772763772886,0.0030871677611130554,CONFIRMED
5695396,1,K00283.01,CONFIRMED,0.002347955758071593,0.9972727557887703,0.0003792884531579185,CONFIRMED
5695396,2,K00283.02,CONFIRMED,0.008729631352001726,0.9902632587361607,0.0010071099118377236,CONFIRMED
6021275,1,K00284.01,CONFIRMED,0.003615798104516825,0.9957088166800826,0.0006753852154004177,CONFIRMED
6021275,2,K00284.02,CONFIRMED,0.0017056700345879621,0.9977693668908219,0.000524963074590354,CONFIRMED
6021275,3,K00284.03,CONFIRMED,0.0011356775662404984,0.9986501806303101,0.000214141803449148,CONFIRMED
6021275,4,K00284.04,CONFIRMED,0.13925777624293584,0.8567148534012081,0.0040273703558560215,CONFIRMED
6196457,1,K00285.01,CONFIRMED,0.000814591433547843,0.9990244331808288,0.0001609753856234705,CONFIRMED
6196457,2,K00285.02,CONFIRMED,0.0009484373541884297,0.9989193562909326,0.00013220635487902032,CONFIRMED
6196457,3,K00285.03,CONFIRMED,0.0018395223159721028,0.9979606338135621,0.00019984387046562333,CONFIRMED
8258171,1,K00286.01,FALSE POSITIVE,0.0005953026785666953,0.0004422343271698366,0.9989624629942634,FALSE POSITIVE
8703887,1,K00287.01,FALSE POSITIVE,0.0055067300765273925,0.0010371543205462829,0.9934561156029265,FALSE POSITIVE
9592705,1,K00288.01,CANDIDATE,0.9817014219718808,0.008543692911084555,0.009754885117034774,CANDIDATE
10386922,1,K00289.01,CANDIDATE,0.969569661869888,0.025447560990421513,0.004982777139690324,CANDIDATE
10386922,2,K00289.02,CONFIRMED,0.003009225777278826,0.9956634444715763,0.0013273297511450107,CONFIRMED
10488450,1,K00290.01,FALSE POSITIVE,0.0020926022391032748,0.0005431888072847949,0.9973642089536119,FALSE POSITIVE
10933561,1,K00291.01,CONFIRMED,0.006129743453415145,0.9934363211186619,0.0004339354279230389,CONFIRMED
10933561,2,K00291.02,CONFIRMED,0.00818028376650265,0.9905889773479438,0.0012307388855536641,CONFIRMED
11075737,1,K00292.01,CONFIRMED,0.0070290907436576615,0.9913306345993385,0.0016402746570037194,CONFIRMED
11200415,1,K00293.01,FALSE POSITIVE,0.0012066933064786552,0.003794256481681558,0.9949990502118397,FALSE POSITIVE
11259686,1,K00294.01,CONFIRMED,0.06308282772700866,0.9304709596074214,0.006446212665569943,CONFIRMED
11547513,1,K00295.01,CONFIRMED,0.0015882095387253481,0.9978923986377826,0.0005193918234921311,CONFIRMED
11547513,2,K00295.02,CONFIRMED,0.010901173043742362,0.9874798519227748,0.0016189750334829154,CONFIRMED
11802615,1,K00296.01,CONFIRMED,0.0058156861372249714,0.9936384109358679,0.0005459029269072538,CONFIRMED
11905011,1,K00297.01,CONFIRMED,0.0022070237063496773,0.9974454177959722,0.00034755849767822956,CONFIRMED
12785320,1,K00298.01,CONFIRMED,0.006776632715685781,0.99236811939475,0.0008552478895641508,CONFIRMED
12785320,2,K00298.02,CANDIDATE,0.9768847797335662,0.021528193125447723,0.0015870271409860982,CANDIDATE
2692377,1,K00299.01,CONFIRMED,0.004463123442198278,0.9753262639347284,0.020210612623073502,CONFIRMED
3438975,1,K00300.01,FALSE POSITIVE,0.002814233522188039,0.001118513240367631,0.9960672532374444,FALSE POSITIVE
3642289,1,K00301.01,CONFIRMED,0.004419406317376633,0.9950074806525666,0.0005731130300565847,CONFIRMED
3642289,2,K00301.02,CONFIRMED,0.010976557067981613,0.9882295063204763,0.0007939366115422605,CONFIRMED
3662838,1,K00302.01,CONFIRMED,0.014569265760976509,0.9819686633440691,0.0034620708949544125,CONFIRMED
5966322,1,K00303.01,CONFIRMED,0.022995424824138185,0.9692156531688453,0.0077889220070165,CONFIRMED
6029239,1,K00304.01,CONFIRMED,0.0015305471550117846,0.9976766789510422,0.0007927738939458447,CONFIRMED
6029239,2,K00304.02,CANDIDATE,0.9876809189943977,0.0050609572495598455,0.007258123756042421,CANDIDATE
6063220,1,K00305.01,CONFIRMED,0.0028706191263923684,0.9967775389592042,0.0003518419144032786,CONFIRMED
6071903,1,K00306.01,CONFIRMED,0.005702793218741675,0.9934482877434886,0.0008489190377697262,CONFIRMED
6289257,1,K00307.01,CONFIRMED,0.005097822349706658,0.9942832609841971,0.00061891666609625,CONFIRMED
6289257,2,K00307.02,CONFIRMED,0.006243522121256043,0.9923174580773256,0.0014390198014184574,CONFIRMED
